=== network 1
(A, active set) apparent charge eps_S x 1e3 (truth | chain), layer: Rayleigh | k3 | D21 | K22 | K31 | k4; active fraction
   3 truth   5.00 |   2.72 |   2.72 |   1.69 |   1.45 |   1.69     chain   4.99 |   2.68 |   2.67 |   1.58 |   0.96 |   1.64     active 0.985
   4 truth   5.46 |   3.05 |   3.11 |   2.13 |   1.77 |   2.13     chain   5.45 |   2.99 |   3.03 |   1.99 |   1.33 |   2.08     active 0.969
   5 truth   5.91 |   3.47 |   3.43 |   2.47 |   2.03 |   2.48     chain   5.88 |   3.40 |   3.34 |   2.30 |   1.45 |   2.43     active 0.938
   6 truth   6.08 |   3.73 |   3.80 |   2.90 |   2.41 |   2.90     chain   6.04 |   3.66 |   3.69 |   2.62 |   1.86 |   2.81     active 0.907
   7 truth   6.29 |   4.13 |   4.10 |   3.24 |   2.68 |   3.24     chain   6.25 |   4.04 |   3.98 |   2.89 |   1.92 |   3.01     active 0.894
   8 truth   6.42 |   4.30 |   4.30 |   3.48 |   2.81 |   3.47     chain   6.37 |   4.22 |   4.13 |   3.05 |   2.02 |   3.31     active 0.866
   9 truth   6.92 |   4.38 |   4.45 |   3.73 |   2.99 |   3.72     chain   6.88 |   4.29 |   4.30 |   3.25 |   2.33 |   3.64     active 0.860
  10 truth   7.18 |   4.67 |   4.69 |   3.97 |   3.24 |   3.96     chain   7.12 |   4.54 |   4.52 |   3.34 |   1.99 |   3.64     active 0.865
  11 truth   7.05 |   4.93 |   4.90 |   4.22 |   3.56 |   4.22     chain   7.00 |   4.79 |   4.70 |   3.54 |   2.40 |   3.99     active 0.835
  12 truth   7.19 |   5.00 |   5.04 |   4.38 |   3.80 |   4.41     chain   7.13 |   4.84 |   4.83 |   3.63 |   2.07 |   4.03     active 0.800
  13 truth   7.42 |   5.04 |   5.12 |   4.52 |   3.83 |   4.45     chain   7.36 |   4.85 |   4.94 |   3.84 |   2.29 |   4.08     active 0.803
  14 truth   7.50 |   5.08 |   5.19 |   4.85 |   4.33 |   4.81     chain   7.43 |   4.81 |   4.99 |   4.21 |   2.41 |   4.23     active 0.775
