=== network 0
(A, active set) apparent charge eps_S x 1e3 (truth | chain), layer: Rayleigh | k3 | D21 | K22 | K31 | k4; active fraction
   3 truth   5.51 |   2.81 |   2.84 |   1.83 |   1.58 |   1.82     chain   5.50 |   2.77 |   2.78 |   1.72 |   1.05 |   1.78     active 0.979
   4 truth   5.63 |   3.18 |   3.19 |   2.25 |   1.91 |   2.24     chain   5.61 |   3.12 |   3.10 |   2.11 |   1.41 |   2.20     active 0.959
   5 truth   6.35 |   3.50 |   3.53 |   2.60 |   2.16 |   2.58     chain   6.32 |   3.44 |   3.44 |   2.42 |   1.52 |   2.57     active 0.938
   6 truth   6.58 |   3.97 |   3.93 |   2.91 |   2.39 |   2.90     chain   6.55 |   3.90 |   3.83 |   2.65 |   1.87 |   2.84     active 0.919
   7 truth   6.85 |   4.21 |   4.26 |   3.19 |   2.55 |   3.14     chain   6.81 |   4.11 |   4.14 |   2.88 |   1.91 |   2.99     active 0.898
   8 truth   7.03 |   4.40 |   4.42 |   3.63 |   2.96 |   3.61     chain   6.99 |   4.31 |   4.24 |   3.20 |   2.12 |   3.46     active 0.882
   9 truth   7.64 |   4.85 |   4.86 |   3.93 |   3.32 |   3.93     chain   7.59 |   4.74 |   4.69 |   3.41 |   2.44 |   3.84     active 0.885
  10 truth   8.01 |   4.96 |   5.07 |   4.11 |   3.39 |   4.07     chain   7.96 |   4.83 |   4.89 |   3.48 |   2.08 |   3.81     active 0.863
  11 truth   8.33 |   5.22 |   5.27 |   4.36 |   3.76 |   4.33     chain   8.28 |   5.10 |   5.06 |   3.68 |   2.47 |   4.18     active 0.829
  12 truth   8.47 |   5.34 |   5.41 |   4.77 |   4.38 |   4.76     chain   8.41 |   5.15 |   5.18 |   3.95 |   2.26 |   4.43     active 0.806
  13 truth   8.52 |   5.55 |   5.56 |   4.97 |   4.89 |   5.05     chain   8.45 |   5.33 |   5.35 |   4.13 |   2.45 |   4.57     active 0.796
  14 truth   8.61 |   5.56 |   5.67 |   5.09 |   4.91 |   5.14     chain   8.54 |   5.30 |   5.45 |   4.34 |   2.46 |   4.49     active 0.790
