=== network 1: energy share of the gain-shaped package, truth | chain (cos^2 x 100) and share of the chain error energy
layer   k3: truth|chain|err   D21: truth|chain|err   K22: truth|chain|err   K31: truth|chain|err   k4: truth|chain|err
   3    74.8| 74.8| 22.4    56.8| 56.8| 15.4    98.0| 99.9| 22.5    39.9| 99.4|  9.3    98.3| 98.7| 12.0
   4    76.9| 76.8| 28.0    60.1| 59.9| 19.8    98.0| 99.9| 20.8    43.8| 99.2|  5.4    98.2| 98.6|  9.2
   5    80.9| 80.5| 23.0    63.9| 63.6| 15.6    97.7| 99.9| 19.1    45.1| 99.1|  7.1    98.0| 98.5|  7.5
   6    81.3| 80.8| 19.6    67.3| 66.6| 19.5    97.4| 99.9| 28.5    47.2| 98.9|  4.8    97.5| 98.0| 16.2
   7    83.6| 83.3| 27.3    69.7| 69.1| 19.6    97.2| 99.9| 30.2    47.4| 98.5|  7.0    97.5| 98.0| 43.8
   8    83.7| 83.2| 15.4    69.7| 69.0| 25.0    96.7| 99.9| 33.1    45.1| 98.3|  6.2    97.0| 97.7| 22.7
   9    83.6| 83.4| 18.4    70.5| 69.9| 17.1    96.2| 99.9| 30.9    44.7| 98.2|  4.0    96.4| 97.1|  4.8
  10    85.7| 85.5| 27.3    72.6| 71.9| 19.0    95.5| 99.9| 35.2    43.8| 98.0| 10.5    95.8| 96.5| 39.5
  11    87.6| 87.1| 27.7    75.3| 74.5| 23.1    94.6| 99.9| 31.6    43.0| 97.8|  7.5    94.7| 95.1| 22.3
  12    88.6| 88.1| 29.2    76.8| 75.9| 21.6    93.8| 99.8| 31.1    43.4| 96.7| 13.6    93.8| 93.8| 39.3
  13    88.9| 88.3| 34.4    77.8| 76.8| 14.9    92.9| 99.8| 23.2    41.8| 97.2| 10.4    93.0| 92.8| 29.6
  14    88.3| 87.5| 49.3    77.8| 76.5| 18.7    92.3| 99.7| 17.4    44.7| 96.9| 13.6    92.7| 92.8| 48.7
