=== network 0: energy share of the gain-shaped package, truth | chain (cos^2 x 100) and share of the chain error energy
layer   k3: truth|chain|err   D21: truth|chain|err   K22: truth|chain|err   K31: truth|chain|err   k4: truth|chain|err
   3    75.7| 75.6| 18.2    58.0| 57.9| 15.2    98.3| 99.9| 23.6    43.6| 99.4| 10.6    98.5| 98.8|  6.9
   4    80.9| 80.8| 31.3    63.5| 63.3| 22.9    98.3| 99.9| 23.5    47.8| 99.2|  7.0    98.5| 98.9|  5.9
   5    79.5| 79.4| 20.2    64.0| 63.6| 17.5    98.0| 99.9| 21.5    48.7| 98.9|  8.6    98.1| 98.6|  0.6
   6    81.8| 81.4| 20.1    67.5| 67.1| 17.9    97.6| 99.9| 27.1    47.8| 98.8|  4.4    97.9| 98.5|  6.5
   7    82.9| 82.7| 24.2    68.4| 67.8| 16.5    97.2| 99.9| 26.0    45.8| 98.6|  5.4    97.1| 98.0| 22.0
   8    85.1| 84.7| 17.5    70.5| 69.9| 25.4    96.9| 99.9| 33.3    47.2| 98.4|  6.9    97.1| 97.7| 18.8
   9    86.4| 86.0| 24.4    74.2| 73.5| 22.7    96.5| 99.9| 33.9    47.7| 98.2|  6.1    96.6| 97.3|  5.1
  10    86.6| 86.3| 24.1    74.7| 74.0| 20.0    96.1| 99.9| 37.1    46.4| 98.1| 11.7    96.4| 96.9| 31.9
  11    88.8| 88.4| 20.7    77.7| 76.9| 23.3    95.5| 99.9| 34.4    47.6| 97.4|  9.7    95.3| 96.0|  9.9
  12    90.3| 89.5| 36.3    80.4| 79.5| 25.8    95.1| 99.8| 35.9    51.9| 97.1| 20.0    95.3| 95.9| 30.8
  13    90.5| 90.0| 44.5    81.9| 80.8| 20.4    94.4| 99.8| 31.5    54.1| 96.5| 22.2    93.7| 93.7| 43.9
  14    91.2| 90.6| 45.0    81.7| 80.4| 20.6    93.8| 99.8| 23.9    53.3| 95.9| 21.6    94.3| 94.5| 55.9
