=== network 0: energy share of the gain-shaped package, truth | chain (cos^2 x 100) and share of the chain error energy
layer   k3: truth|chain|err   D21: truth|chain|err   K22: truth|chain|err   K31: truth|chain|err   k4: truth|chain|err
   3    77.5| 77.4| 19.9    60.6| 60.5| 16.9    98.2| 99.9| 24.1    43.7| 99.4| 10.7    98.5| 98.8|  7.1
   4    83.6| 83.5| 34.4    67.7| 67.4| 26.1    98.2| 99.9| 24.6    48.1| 99.2|  7.6    98.5| 98.8|  6.8
   5    83.8| 83.7| 24.7    69.9| 63.4| 10.4    98.0| 99.9| 23.5    49.4| 99.0|  9.8    98.0| 98.7|  2.2
   6    85.2| 84.9| 24.0    73.3| 66.1| 11.4    97.6| 99.9| 29.5    49.0| 98.8|  5.9    97.8| 98.6|  8.3
   7    87.5| 87.2| 32.1    74.8| 67.4| 11.6    97.1| 99.9| 28.8    47.5| 98.6|  7.6    97.1| 98.1| 24.7
   8    89.0| 88.7| 23.3    77.1| 68.4| 15.3    96.9| 99.9| 37.3    50.1| 98.4| 10.7    97.0| 97.9| 20.5
   9    89.0| 88.5| 31.3    78.7| 70.4| 14.5    96.5| 99.9| 37.2    50.3| 98.2|  8.8    96.6| 97.5|  7.4
  10    90.1| 89.8| 33.2    80.6| 64.7| 21.1    96.0| 99.9| 41.4    51.1| 97.9| 18.0    96.2| 97.3| 29.3
  11    91.2| 90.7| 27.0    82.8| 66.0| 22.7    95.5| 99.9| 39.8    53.2| 97.4| 16.7    95.1| 96.6| 12.4
  12    93.1| 92.6| 41.7    85.5| 61.7| 29.4    95.1| 99.7| 42.1    59.7| 97.1| 31.0    95.4| 96.8| 30.8
  13    92.7| 92.3| 45.7    86.3| 60.4| 30.6    94.6| 99.7| 39.0    62.4| 96.3| 34.2    94.1| 95.3| 38.0
  14    93.4| 92.9| 49.9    86.1| 59.4| 31.7    94.0| 99.7| 31.9    62.5| 95.6| 34.7    94.6| 96.0| 48.1
