=== network 1: energy share of the gain-shaped package, truth | chain (cos^2 x 100) and share of the chain error energy
layer   k3: truth|chain|err   D21: truth|chain|err   K22: truth|chain|err   K31: truth|chain|err   k4: truth|chain|err
   3    76.3| 76.3| 23.0    58.8| 58.8| 16.4    98.0| 99.9| 23.0    40.0| 99.3|  9.4    98.3| 98.7| 12.5
   4    79.4| 79.2| 30.6    63.4| 63.2| 22.0    97.9| 99.9| 21.7    44.1| 99.3|  5.7    98.2| 98.5|  9.6
   5    83.9| 83.5| 28.7    68.7| 62.8|  9.4    97.6| 99.9| 20.8    45.8| 99.0|  8.0    98.0| 98.6|  9.4
   6    84.8| 84.4| 21.5    72.6| 65.5| 11.2    97.4| 99.9| 30.8    48.3| 98.9|  6.0    97.5| 98.1| 17.7
   7    86.8| 86.5| 32.4    75.2| 67.6| 12.4    97.1| 99.9| 32.1    48.7| 98.5|  8.9    97.4| 98.1| 40.5
   8    88.5| 88.1| 21.7    77.2| 62.7| 20.1    96.6| 99.9| 37.0    48.1| 98.3|  9.7    97.0| 98.0| 24.0
   9    87.6| 87.3| 26.1    76.8| 62.7| 18.6    96.1| 99.9| 35.2    48.1| 98.2|  7.4    96.5| 97.5|  9.2
  10    88.8| 88.6| 31.3    77.6| 63.2| 19.3    95.4| 99.9| 38.0    47.1| 97.9| 14.7    95.6| 97.0| 31.8
  11    90.9| 90.5| 31.1    81.0| 64.0| 22.8    94.5| 99.8| 36.1    49.1| 97.6| 14.1    94.6| 96.0| 20.3
  12    91.3| 90.8| 37.5    82.4| 59.4| 28.5    93.9| 99.8| 36.9    50.8| 96.6| 22.4    94.0| 95.2| 32.4
  13    91.0| 90.5| 40.2    82.3| 60.4| 26.1    93.0| 99.8| 28.9    48.7| 96.9| 18.0    93.1| 94.3| 27.1
  14    91.8| 90.9| 54.2    83.9| 57.2| 31.9    92.8| 99.6| 27.3    56.1| 96.2| 27.5    93.5| 94.7| 46.4
