=== network 0, N = 40000, n = 1024
layer  V_l/4     Var Delta   4 theta^2/n  ratio   corr(Delta_l, Delta_l+1)  AR1 slope b   cos(theta) measured / recursion
   1   0.00168  4.781e-03  9.638e-03   0.50    +0.034                  +0.021      0.3185 / 0.3183
   2   0.00275  4.021e-03  6.073e-03   0.66    +0.005                  -0.007      0.4842 / 0.4937
   3   0.00353  3.266e-03  4.343e-03   0.75    +0.026                  +0.000      0.6046 / 0.6048
   4   0.00420  2.657e-03  3.315e-03   0.80    -0.082                  -0.009      0.6697 / 0.6810
   5   0.00467  2.162e-03  2.638e-03   0.82    +0.032                  -0.001      0.7330 / 0.7359
   6   0.00524  2.323e-03  2.161e-03   1.08    -0.011                  -0.002      0.7560 / 0.7772
   7   0.00561  1.589e-03  1.809e-03   0.88    -0.085                  -0.004      0.7903 / 0.8091
   8   0.00600  1.710e-03  1.541e-03   1.11    +0.083                  +0.015      0.8146 / 0.8344
   9   0.00651  1.325e-03  1.331e-03   1.00    +0.084                  +0.014      0.8415 / 0.8548
  10   0.00701  1.277e-03  1.163e-03   1.10    -0.060                  +0.007      0.8597 / 0.8715
  11   0.00738  1.064e-03  1.026e-03   1.04    +0.083                  +0.011      0.8676 / 0.8854
  12   0.00774  7.843e-04  9.126e-04   0.86    +0.136                  +0.008      0.8901 / 0.8971
  13   0.00805  7.196e-04  8.177e-04   0.88    -0.016                  -0.003      0.9067 / 0.9071
  14   0.00816  6.208e-04  7.373e-04   0.84    -0.035                  -0.005      0.9152 / 0.9156
  15   0.00826  7.391e-04  6.686e-04   1.11    +0.061                  -0.023      0.9230 / 0.9230
  16   0.00807  7.248e-04  6.093e-04   1.19      +nan                    +nan      0.9302 / 0.9295
