net 0: layer  tau_true = lam1/(u.mu)^2   measured dlam1/lam1 (u^T E u / lam1)   -tau/2   ratio
    2   3.8577e-01   -8.422e-04   -1.929e-01   0.00
    3   4.0758e-02   -3.834e-04   -2.038e-02   0.02
    4   1.3046e-02   -1.232e-03   -6.523e-03   0.19
    5   1.1925e-02   -1.910e-03   -5.963e-03   0.32
    6   9.9513e-03   -3.758e-03   -4.976e-03   0.76
    7   1.0026e-02   -3.526e-03   -5.013e-03   0.70
    8   8.7179e-03   -4.570e-03   -4.359e-03   1.05
    9   9.0097e-03   -4.428e-03   -4.505e-03   0.98
   10   9.3260e-03   -5.220e-03   -4.663e-03   1.12
   11   9.3665e-03   -4.967e-03   -4.683e-03   1.06
   12   9.2548e-03   -5.971e-03   -4.627e-03   1.29
   13   9.2798e-03   -6.694e-03   -4.640e-03   1.44
   14   9.5644e-03   -5.978e-03   -4.782e-03   1.25
net 1: layer  tau_true = lam1/(u.mu)^2   measured dlam1/lam1 (u^T E u / lam1)   -tau/2   ratio
    2   4.2400e-01   -3.332e-04   -2.120e-01   0.00
    3   1.9585e-01   -5.265e-04   -9.792e-02   0.01
    4   2.5529e-02   -5.345e-04   -1.276e-02   0.04
    5   1.1125e-02   -2.291e-03   -5.562e-03   0.41
    6   9.4123e-03   -3.795e-03   -4.706e-03   0.81
    7   7.7531e-03   -5.223e-03   -3.877e-03   1.35
    8   7.6837e-03   -5.854e-03   -3.842e-03   1.52
    9   8.3299e-03   -4.772e-03   -4.165e-03   1.15
   10   8.4089e-03   -5.825e-03   -4.204e-03   1.39
   11   8.1589e-03   -6.165e-03   -4.079e-03   1.51
   12   7.7801e-03   -7.683e-03   -3.890e-03   1.98
   13   7.9999e-03   -6.920e-03   -4.000e-03   1.73
   14   7.9467e-03   -8.279e-03   -3.973e-03   2.08
