
pair atlas128/seed1/mlp_00000.npz | atlas128/seed2/mlp_00000.npz: width 128, depth 16, N = 500000 + 500000
 l eps_noise    off  snr(Kd) | memless x   corr    off   corr |  wick x   corr    off   corr | herm4 x   corr | hub n/4 x   corr | closure x   corr    off   corr |  fit x   corr    off   corr
 0     0.064  0.064    21.97 |     0.288  0.280  0.289  0.282 |   0.078  0.045  0.079  0.045 |   0.078  0.044 |     0.205  0.194 |     0.078  0.044  0.078  0.044 |  0.078  0.044  0.078  0.044
 1     0.044  0.045   138.04 |     0.495  0.493  0.503  0.501 |   0.093  0.082  0.094  0.083 |   0.094  0.083 |     0.257  0.253 |     0.085  0.073  0.087  0.074 |  0.083  0.070  0.084  0.071
 2     0.034  0.034   267.98 |     0.494  0.493  0.501  0.500 |   0.096  0.090  0.097  0.091 |   0.096  0.090 |     0.226  0.224 |     0.087  0.080  0.088  0.081 |  0.082  0.075  0.083  0.076
 3     0.025  0.025   451.91 |     0.478  0.477  0.484  0.483 |   0.094  0.091  0.095  0.092 |   0.093  0.090 |     0.182  0.181 |     0.085  0.081  0.086  0.082 |  0.077  0.072  0.078  0.073
 4     0.018  0.019   760.52 |     0.534  0.534  0.542  0.542 |   0.085  0.083  0.086  0.084 |   0.084  0.082 |     0.149  0.148 |     0.089  0.087  0.090  0.088 |  0.068  0.066  0.069  0.067
 5     0.016  0.016  1499.09 |     0.510  0.510  0.516  0.515 |   0.082  0.081  0.084  0.082 |   0.080  0.078 |     0.121  0.120 |     0.092  0.090  0.093  0.091 |  0.066  0.064  0.067  0.065
 6     0.013  0.013  2436.92 |     0.573  0.573  0.582  0.582 |   0.089  0.089  0.091  0.090 |   0.087  0.086 |     0.112  0.112 |     0.104  0.103  0.105  0.104 |  0.078  0.077  0.079  0.078
 7     0.009  0.009  4270.83 |     0.545  0.545  0.551  0.551 |   0.088  0.087  0.089  0.088 |   0.082  0.081 |     0.081  0.080 |     0.088  0.088  0.089  0.089 |  0.074  0.073  0.074  0.074
 8     0.009  0.009  7236.40 |     0.602  0.602  0.611  0.610 |   0.068  0.067  0.069  0.068 |   0.066  0.065 |     0.082  0.082 |     0.099  0.099  0.100  0.100 |  0.062  0.062  0.063  0.062
 9     0.008  0.008  8351.55 |     0.627  0.627  0.633  0.633 |   0.064  0.064  0.065  0.064 |   0.063  0.063 |     0.081  0.081 |     0.094  0.093  0.094  0.094 |  0.061  0.060  0.061  0.061
10     0.009  0.009  7810.25 |     0.690  0.690  0.701  0.701 |   0.046  0.046  0.047  0.046 |   0.039  0.038 |     0.067  0.067 |     0.078  0.077  0.079  0.078 |  0.034  0.033  0.035  0.034
11     0.010  0.010  4103.16 |     0.634  0.634  0.643  0.643 |   0.068  0.067  0.069  0.069 |   0.067  0.066 |     0.070  0.069 |     0.093  0.093  0.095  0.094 |  0.060  0.059  0.061  0.060
12     0.010  0.010  5438.17 |     0.648  0.648  0.656  0.656 |   0.057  0.056  0.058  0.057 |   0.053  0.052 |     0.076  0.075 |     0.080  0.080  0.081  0.081 |  0.048  0.047  0.049  0.048
13     0.011  0.011  3576.10 |     0.564  0.564  0.569  0.569 |   0.059  0.058  0.059  0.058 |   0.055  0.054 |     0.064  0.063 |     0.079  0.079  0.080  0.080 |  0.049  0.048  0.050  0.049
14     0.013  0.013  3862.53 |     0.634  0.634  0.643  0.643 |   0.070  0.069  0.071  0.070 |   0.064  0.063 |     0.086  0.085 |     0.092  0.091  0.093  0.092 |  0.056  0.054  0.057  0.055
