
pair atlas128/seed3/mlp_00001.npz | atlas128/seed4/mlp_00001.npz: width 128, depth 16, N = 500000 + 500000
 l eps_noise    off tnoise  snr(Kd) | memless x   corr    off   corr |  wick x   corr    off   corr | herm4 x   corr | hub n/4 x   corr | closure x   corr    off   corr |  fit x   corr    off   corr
 0     0.060  0.061  0.057    21.99 |     0.273  0.267  0.276  0.269 |   0.073  0.042  0.074  0.042 |   0.073  0.041 |     0.192  0.182 |     0.081  0.053  0.081  0.054 |  0.080  0.053  0.081  0.054
 1     0.041  0.041  0.038   136.82 |     0.432  0.430  0.437  0.435 |   0.089  0.079  0.090  0.080 |   0.089  0.079 |     0.224  0.221 |     0.063  0.048  0.064  0.049 |  0.063  0.047  0.063  0.048
 2     0.034  0.035  0.031   275.12 |     0.497  0.495  0.503  0.502 |   0.097  0.091  0.098  0.092 |   0.097  0.091 |     0.220  0.218 |     0.056  0.044  0.056  0.044 |  0.054  0.042  0.055  0.043
 3     0.025  0.025  0.023   443.57 |     0.491  0.491  0.499  0.498 |   0.094  0.091  0.096  0.092 |   0.094  0.091 |     0.187  0.186 |     0.045  0.038  0.046  0.039 |  0.043  0.036  0.044  0.036
 4     0.022  0.022  0.020   618.73 |     0.519  0.518  0.526  0.526 |   0.095  0.093  0.097  0.094 |   0.092  0.089 |     0.179  0.178 |     0.044  0.038  0.045  0.039 |  0.040  0.033  0.040  0.034
 5     0.019  0.019  0.017   912.30 |     0.497  0.497  0.504  0.504 |   0.106  0.104  0.107  0.105 |   0.103  0.102 |     0.171  0.170 |     0.047  0.043  0.048  0.044 |  0.041  0.037  0.042  0.037
 6     0.017  0.017  0.015  1179.07 |     0.511  0.511  0.519  0.519 |   0.100  0.099  0.102  0.100 |   0.097  0.095 |     0.174  0.173 |     0.046  0.043  0.047  0.044 |  0.039  0.035  0.040  0.036
 7     0.014  0.014  0.012  1322.84 |     0.477  0.477  0.484  0.484 |   0.092  0.091  0.093  0.092 |   0.091  0.090 |     0.135  0.134 |     0.044  0.042  0.045  0.042 |  0.034  0.031  0.034  0.032
 8     0.013  0.013  0.011  1934.62 |     0.521  0.521  0.527  0.527 |   0.091  0.090  0.093  0.092 |   0.084  0.083 |     0.117  0.116 |     0.046  0.044  0.047  0.045 |  0.030  0.028  0.031  0.028
 9     0.012  0.012  0.010  2579.93 |     0.507  0.507  0.515  0.515 |   0.084  0.084  0.086  0.085 |   0.078  0.077 |     0.114  0.113 |     0.050  0.048  0.050  0.049 |  0.028  0.025  0.028  0.025
10     0.010  0.010  0.009  3684.42 |     0.600  0.600  0.609  0.609 |   0.086  0.085  0.087  0.087 |   0.081  0.081 |     0.092  0.091 |     0.049  0.048  0.050  0.049 |  0.025  0.023  0.025  0.023
11     0.010  0.010  0.009  4747.35 |     0.550  0.550  0.557  0.557 |   0.069  0.069  0.070  0.070 |   0.064  0.064 |     0.078  0.077 |     0.047  0.046  0.047  0.046 |  0.020  0.018  0.021  0.018
12     0.009  0.009  0.008  4651.74 |     0.555  0.555  0.562  0.561 |   0.079  0.078  0.080  0.079 |   0.071  0.070 |     0.088  0.087 |     0.050  0.049  0.051  0.050 |  0.022  0.020  0.022  0.020
13     0.010  0.010  0.009  5102.00 |     0.591  0.591  0.599  0.599 |   0.060  0.059  0.061  0.060 |   0.055  0.054 |     0.092  0.092 |     0.052  0.051  0.052  0.051 |  0.021  0.018  0.021  0.018
14     0.011  0.011  0.009  4335.67 |     0.614  0.614  0.622  0.622 |   0.069  0.068  0.069  0.069 |   0.062  0.061 |     0.076  0.075 |     0.043  0.042  0.044  0.043 |  0.021  0.018  0.021  0.018
