
atlas128/seed1/mlp_00000.npz: width 128, depth 16, N = 500000
 l transp R2(K22|C)  R2+C*C d21n/8   n/4   n/2 | memless   off |  wick   off | herm2 herm3 herm4 | hub 16 hub 32 hub 64 | sk  8 sk 16 sk 32 | wick+hub | closure   off | fitR2   fit   off  coefficients B0..B6
 0  0.000     0.000   0.352  0.750 0.907 0.989 |   0.287 0.288 | 0.047 0.047 | 0.047 0.046 0.046 |  0.225  0.195  0.141 | 0.286 0.282 0.274 |    0.034 |   0.046 0.046 | 0.043 0.046 0.046  +0.00 +3.11 +83.73 +48.89 +0.97 +263.26
 1  0.000     0.000   0.351  0.872 0.961 0.996 |   0.498 0.505 | 0.079 0.081 | 0.079 0.081 0.080 |  0.330  0.251  0.155 | 0.496 0.492 0.477 |    0.049 |   0.070 0.072 | 0.291 0.067 0.068  +0.01 +2.98 +3.01 +0.84 +1.02 -2.79
 2  0.000     0.000   0.375  0.928 0.979 0.998 |   0.494 0.501 | 0.087 0.089 | 0.087 0.088 0.088 |  0.291  0.221  0.128 | 0.493 0.490 0.471 |    0.050 |   0.079 0.080 | 0.306 0.073 0.074  +0.02 +3.13 +2.59 +0.88 +1.04 -2.26
 3  0.000     0.000   0.406  0.965 0.990 0.999 |   0.478 0.484 | 0.090 0.091 | 0.088 0.090 0.089 |  0.233  0.178  0.103 | 0.477 0.474 0.451 |    0.042 |   0.081 0.082 | 0.331 0.072 0.073  +0.02 +3.07 +2.40 +0.60 +0.99 -2.55
 4  0.000     0.000   0.568  0.983 0.996 1.000 |   0.534 0.542 | 0.083 0.085 | 0.082 0.084 0.084 |  0.203  0.146  0.070 | 0.533 0.529 0.481 |    0.033 |   0.089 0.090 | 0.416 0.066 0.067  +0.02 +3.50 +2.28 +0.18 +1.00 -3.01
 5  0.000     0.000   0.608  0.989 0.998 1.000 |   0.508 0.514 | 0.082 0.083 | 0.078 0.079 0.079 |  0.173  0.118  0.050 | 0.504 0.507 0.474 |    0.029 |   0.089 0.090 | 0.457 0.064 0.065  +0.02 +3.70 +2.04 +0.22 +1.16 -4.74
 6  0.000     0.000   0.700  0.993 0.999 1.000 |   0.573 0.581 | 0.087 0.088 | 0.083 0.085 0.084 |  0.177  0.111  0.041 | 0.572 0.567 0.542 |    0.027 |   0.101 0.103 | 0.324 0.075 0.076  +0.01 +3.04 +1.52 +0.23 +1.09 -3.65
 7  0.000     0.000   0.752  0.997 0.999 1.000 |   0.543 0.550 | 0.087 0.087 | 0.081 0.081 0.081 |  0.139  0.080  0.023 | 0.539 0.540 0.529 |    0.020 |   0.087 0.088 | 0.295 0.073 0.073  +0.02 +4.77 +1.56 +0.34 +1.45 -3.24
 8  0.000     0.001   0.866  0.998 1.000 1.000 |   0.601 0.610 | 0.067 0.068 | 0.064 0.065 0.065 |  0.135  0.082  0.020 | 0.602 0.595 0.586 |    0.014 |   0.098 0.099 | 0.232 0.061 0.062  +0.01 +2.46 +1.07 +0.30 +1.71 -4.54
 9  0.000     0.001   0.903  0.999 1.000 1.000 |   0.627 0.633 | 0.063 0.064 | 0.062 0.062 0.062 |  0.131  0.080  0.024 | 0.622 0.622 0.592 |    0.013 |   0.092 0.093 | 0.241 0.060 0.060  -0.00 +1.48 +1.09 +0.15 +1.62 -7.01
10  0.000     0.011   0.923  0.999 1.000 1.000 |   0.690 0.700 | 0.047 0.047 | 0.041 0.039 0.039 |  0.111  0.066  0.014 | 0.689 0.687 0.677 |    0.009 |   0.077 0.078 | 0.306 0.034 0.034  +0.00 +2.82 +1.11 +0.15 +1.92 -6.17
11  0.000     0.000   0.875  0.999 1.000 1.000 |   0.633 0.642 | 0.066 0.067 | 0.064 0.065 0.065 |  0.112  0.068  0.017 | 0.632 0.624 0.586 |    0.013 |   0.091 0.092 | 0.249 0.058 0.058  +0.00 +2.58 +1.21 +0.08 +1.06 -4.85
12  0.000     0.000   0.886  0.999 1.000 1.000 |   0.648 0.656 | 0.056 0.057 | 0.052 0.052 0.052 |  0.129  0.075  0.022 | 0.648 0.644 0.632 |    0.013 |   0.076 0.078 | 0.328 0.046 0.047  -0.00 +2.09 +1.25 +0.11 +1.63 -6.06
13  0.000     0.000   0.862  0.999 1.000 1.000 |   0.565 0.570 | 0.056 0.056 | 0.052 0.052 0.052 |  0.116  0.063  0.009 | 0.563 0.561 0.537 |    0.013 |   0.077 0.078 | 0.284 0.046 0.047  +0.01 +2.72 +1.29 +0.21 +1.52 -4.90
14  0.000     0.001   0.887  0.999 1.000 1.000 |   0.632 0.641 | 0.071 0.072 | 0.065 0.065 0.065 |  0.141  0.085  0.019 | 0.629 0.616 0.602 |    0.013 |   0.087 0.088 | 0.391 0.054 0.055  +0.00 +3.10 +1.38 +0.08 +1.70 -7.01
