
atlas128/seed3/mlp_00001.npz: width 128, depth 16, N = 500000
 l transp R2(K22|C)  R2+C*C d21n/8   n/4   n/2 | memless   off |  wick   off | herm2 herm3 herm4 | hub 16 hub 32 hub 64 | sk  8 sk 16 sk 32 | wick+hub | closure   off | fitR2   fit   off  coefficients B0..B6
 0  0.000     0.000   0.349  0.777 0.917 0.990 |   0.272 0.274 | 0.045 0.045 | 0.045 0.044 0.044 |  0.207  0.181  0.128 | 0.271 0.269 0.259 |    0.032 |   0.027 0.027 | 0.633 0.027 0.027  +0.00 +3.01 -64.58 +15.75 +0.96 +17.72 +1.48 | K211|C R2 0.001 closure(reg) 0.044
 1  0.000     0.000   0.358  0.893 0.966 0.997 |   0.432 0.437 | 0.076 0.076 | 0.075 0.075 0.075 |  0.285  0.218  0.138 | 0.431 0.427 0.413 |    0.047 |   0.033 0.033 | 0.828 0.032 0.033  +0.00 +3.01 +3.05 +0.31 +0.97 +1.42 +1.44 | K211|C R2 0.253 closure(reg) 0.061
 2  0.000     0.000   0.351  0.932 0.981 0.998 |   0.495 0.502 | 0.087 0.087 | 0.086 0.087 0.087 |  0.288  0.215  0.119 | 0.493 0.488 0.476 |    0.047 |   0.031 0.031 | 0.894 0.029 0.029  -0.00 +2.96 +2.96 +0.24 +0.85 +1.22 +1.38 | K211|C R2 0.277 closure(reg) 0.068
 3  0.000     0.000   0.388  0.959 0.990 0.999 |   0.491 0.498 | 0.090 0.091 | 0.089 0.090 0.090 |  0.247  0.183  0.097 | 0.490 0.487 0.471 |    0.042 |   0.030 0.030 | 0.906 0.028 0.028  -0.00 +3.00 +2.94 +0.27 +0.84 +1.29 +1.37 | K211|C R2 0.306 closure(reg) 0.067
 4  0.000     0.000   0.357  0.971 0.993 1.000 |   0.517 0.525 | 0.091 0.093 | 0.089 0.089 0.088 |  0.237  0.176  0.084 | 0.515 0.512 0.496 |    0.042 |   0.032 0.033 | 0.909 0.028 0.028  -0.01 +2.90 +2.75 +0.17 +0.78 +1.13 +1.31 | K211|C R2 0.324 closure(reg) 0.071
 5  0.000     0.000   0.438  0.978 0.995 1.000 |   0.496 0.503 | 0.101 0.103 | 0.098 0.100 0.099 |  0.234  0.168  0.078 | 0.494 0.487 0.475 |    0.041 |   0.040 0.040 | 0.917 0.032 0.032  -0.00 +2.93 +2.67 +0.11 +0.74 +1.05 +1.26 | K211|C R2 0.312 closure(reg) 0.075
 6  0.000     0.000   0.465  0.982 0.996 1.000 |   0.509 0.517 | 0.097 0.099 | 0.094 0.094 0.094 |  0.235  0.171  0.081 | 0.508 0.504 0.483 |    0.040 |   0.040 0.041 | 0.916 0.032 0.032  -0.00 +2.95 +2.67 -0.05 +0.83 +0.87 +1.24 | K211|C R2 0.383 closure(reg) 0.074
 7  0.000     0.000   0.544  0.990 0.998 1.000 |   0.477 0.483 | 0.089 0.090 | 0.086 0.088 0.087 |  0.185  0.133  0.058 | 0.475 0.470 0.456 |    0.032 |   0.040 0.040 | 0.907 0.028 0.028  -0.01 +2.70 +2.64 -0.03 +0.67 +0.74 +1.22 | K211|C R2 0.366 closure(reg) 0.070
 8  0.000     0.001   0.628  0.994 0.999 1.000 |   0.520 0.527 | 0.090 0.091 | 0.083 0.084 0.083 |  0.166  0.115  0.044 | 0.519 0.503 0.506 |    0.025 |   0.040 0.041 | 0.931 0.023 0.023  -0.01 +3.04 +2.53 -0.09 +0.63 +0.95 +1.18 | K211|C R2 0.475 closure(reg) 0.066
 9  0.000     0.000   0.642  0.996 0.999 1.000 |   0.504 0.512 | 0.084 0.085 | 0.077 0.077 0.077 |  0.180  0.112  0.024 | 0.503 0.498 0.483 |    0.023 |   0.046 0.047 | 0.933 0.021 0.021  -0.01 +2.29 +2.56 -0.15 +0.45 +0.41 +1.20 | K211|C R2 0.561 closure(reg) 0.060
10  0.000     0.001   0.722  0.997 1.000 1.000 |   0.598 0.607 | 0.084 0.085 | 0.079 0.079 0.079 |  0.154  0.091  0.023 | 0.591 0.592 0.573 |    0.019 |   0.046 0.046 | 0.945 0.020 0.020  -0.01 +2.52 +2.56 -0.15 +0.56 +0.45 +1.16 | K211|C R2 0.622 closure(reg) 0.061
11  0.000     0.000   0.797  0.998 1.000 1.000 |   0.547 0.554 | 0.071 0.072 | 0.066 0.066 0.066 |  0.134  0.078  0.018 | 0.547 0.545 0.522 |    0.015 |   0.042 0.042 | 0.940 0.016 0.017  -0.00 +2.33 +2.57 -0.11 +0.34 +0.41 +1.20 | K211|C R2 0.626 closure(reg) 0.056
12  0.000     0.001   0.769  0.999 1.000 1.000 |   0.554 0.561 | 0.080 0.081 | 0.072 0.072 0.072 |  0.159  0.087  0.016 | 0.553 0.550 0.539 |    0.017 |   0.046 0.047 | 0.948 0.018 0.018  -0.00 +2.11 +2.47 -0.10 +0.52 +0.00 +1.14 | K211|C R2 0.764 closure(reg) 0.056
13  0.000     0.000   0.810  0.999 1.000 1.000 |   0.589 0.596 | 0.063 0.063 | 0.057 0.057 0.057 |  0.148  0.093  0.033 | 0.586 0.586 0.546 |    0.013 |   0.044 0.045 | 0.949 0.014 0.014  +0.00 +2.09 +2.56 -0.11 +0.45 +0.01 +1.14 | K211|C R2 0.740 closure(reg) 0.051
14  0.000     0.000   0.806  0.999 1.000 1.000 |   0.613 0.621 | 0.068 0.069 | 0.062 0.061 0.061 |  0.134  0.076  0.012 | 0.610 0.590 0.584 |    0.014 |   0.041 0.042 | 0.944 0.017 0.018  +0.00 +2.70 +2.50 -0.03 +0.36 +0.71 +1.16 | K211|C R2 0.793 closure(reg) 0.059
