
atlas128/seed3/mlp_00000.npz: width 128, depth 16, N = 500000
 l transp R2(K22|C)  R2+C*C d21n/8   n/4   n/2 | memless   off |  wick   off | herm2 herm3 herm4 | hub 16 hub 32 hub 64 | sk  8 sk 16 sk 32 | wick+hub | closure   off | fitR2   fit   off  coefficients B0..B6
 0  0.000     0.000   0.350  0.751 0.907 0.989 |   0.286 0.287 | 0.047 0.047 | 0.047 0.046 0.046 |  0.223  0.194  0.140 | 0.285 0.281 0.272 |    0.034 |   0.028 0.028 | 0.633 0.028 0.028  -0.00 +3.04 +4.40 -48.02 +0.96 +37.21 +1.48 | K211|C R2 0.001 closure(reg) 0.046
 1  0.000     0.000   0.348  0.872 0.960 0.996 |   0.497 0.504 | 0.079 0.080 | 0.079 0.081 0.081 |  0.331  0.251  0.155 | 0.495 0.491 0.476 |    0.049 |   0.033 0.034 | 0.834 0.032 0.033  -0.00 +2.97 +3.05 +0.39 +1.02 +1.29 +1.45 | K211|C R2 0.223 closure(reg) 0.063
 2  0.000     0.000   0.374  0.928 0.978 0.998 |   0.494 0.502 | 0.087 0.088 | 0.086 0.087 0.087 |  0.292  0.221  0.128 | 0.493 0.490 0.472 |    0.050 |   0.032 0.033 | 0.882 0.031 0.031  -0.00 +3.04 +3.00 +0.36 +0.93 +1.29 +1.40 | K211|C R2 0.245 closure(reg) 0.069
 3  0.000     0.000   0.403  0.964 0.990 0.999 |   0.480 0.486 | 0.089 0.090 | 0.088 0.089 0.089 |  0.235  0.178  0.104 | 0.478 0.475 0.453 |    0.042 |   0.030 0.030 | 0.901 0.027 0.028  -0.01 +3.00 +2.86 +0.26 +0.89 +1.17 +1.37 | K211|C R2 0.285 closure(reg) 0.066
 4  0.000     0.000   0.568  0.983 0.996 1.000 |   0.535 0.542 | 0.082 0.083 | 0.080 0.082 0.082 |  0.204  0.147  0.071 | 0.534 0.530 0.482 |    0.033 |   0.030 0.030 | 0.914 0.025 0.025  -0.01 +3.06 +2.74 +0.11 +0.77 +1.20 +1.29 | K211|C R2 0.342 closure(reg) 0.065
 5  0.000     0.000   0.607  0.989 0.998 1.000 |   0.510 0.515 | 0.081 0.082 | 0.077 0.078 0.078 |  0.174  0.119  0.051 | 0.506 0.508 0.476 |    0.029 |   0.033 0.034 | 0.929 0.023 0.023  -0.00 +3.32 +2.62 -0.11 +0.73 +1.22 +1.24 | K211|C R2 0.433 closure(reg) 0.062
 6  0.000     0.000   0.698  0.993 0.999 1.000 |   0.572 0.581 | 0.086 0.087 | 0.082 0.084 0.083 |  0.178  0.112  0.042 | 0.572 0.567 0.542 |    0.027 |   0.040 0.041 | 0.940 0.022 0.023  -0.00 +3.17 +2.57 -0.09 +0.44 +1.11 +1.18 | K211|C R2 0.588 closure(reg) 0.064
 7  0.000     0.000   0.757  0.997 0.999 1.000 |   0.543 0.550 | 0.086 0.087 | 0.081 0.080 0.080 |  0.140  0.080  0.024 | 0.539 0.540 0.529 |    0.020 |   0.038 0.038 | 0.950 0.018 0.019  -0.00 +3.46 +2.65 -0.09 +0.50 +1.21 +1.20 | K211|C R2 0.638 closure(reg) 0.058
 8  0.000     0.001   0.867  0.998 1.000 1.000 |   0.600 0.609 | 0.066 0.067 | 0.063 0.064 0.064 |  0.136  0.082  0.021 | 0.600 0.594 0.585 |    0.014 |   0.033 0.033 | 0.951 0.015 0.015  +0.00 +3.31 +2.64 -0.12 +0.40 +0.97 +1.15 | K211|C R2 0.757 closure(reg) 0.045
 9  0.000     0.001   0.902  0.999 1.000 1.000 |   0.625 0.631 | 0.062 0.063 | 0.061 0.061 0.061 |  0.132  0.081  0.024 | 0.620 0.620 0.591 |    0.013 |   0.042 0.043 | 0.960 0.013 0.013  +0.00 +2.71 +2.70 -0.16 +0.44 +0.48 +1.19 | K211|C R2 0.833 closure(reg) 0.046
10  0.000     0.012   0.923  0.999 1.000 1.000 |   0.689 0.699 | 0.047 0.047 | 0.041 0.040 0.039 |  0.112  0.067  0.014 | 0.688 0.686 0.675 |    0.009 |   0.031 0.032 | 0.963 0.009 0.009  +0.00 +2.91 +2.58 -0.12 +0.54 +0.54 +1.16 | K211|C R2 0.876 closure(reg) 0.038
11  0.000     0.000   0.870  0.999 1.000 1.000 |   0.633 0.641 | 0.067 0.068 | 0.065 0.065 0.065 |  0.112  0.069  0.017 | 0.631 0.623 0.586 |    0.013 |   0.043 0.044 | 0.942 0.016 0.016  +0.00 +2.42 +2.58 -0.07 +0.31 +0.42 +1.17 | K211|C R2 0.878 closure(reg) 0.054
12  0.000     0.000   0.881  0.999 1.000 1.000 |   0.646 0.655 | 0.057 0.058 | 0.052 0.053 0.052 |  0.130  0.076  0.023 | 0.646 0.643 0.631 |    0.013 |   0.034 0.034 | 0.954 0.013 0.013  +0.00 +2.67 +2.53 -0.15 +0.45 +0.51 +1.13 | K211|C R2 0.840 closure(reg) 0.043
13  0.000     0.000   0.851  0.999 1.000 1.000 |   0.562 0.568 | 0.056 0.057 | 0.052 0.053 0.053 |  0.117  0.063  0.009 | 0.560 0.559 0.535 |    0.013 |   0.039 0.039 | 0.944 0.014 0.014  +0.00 +2.46 +2.58 -0.10 +0.47 +0.39 +1.15 | K211|C R2 0.846 closure(reg) 0.049
14  0.000     0.001   0.883  0.999 1.000 1.000 |   0.632 0.641 | 0.073 0.074 | 0.066 0.066 0.066 |  0.141  0.086  0.019 | 0.629 0.616 0.602 |    0.013 |   0.052 0.053 | 0.947 0.015 0.015  -0.00 +2.77 +2.55 -0.15 +0.47 +0.57 +1.17 | K211|C R2 0.831 closure(reg) 0.061
