
atlas128/seed3/mlp_00000.npz: width 128, depth 16, N = 500000  (2,1,1) slice as a mode family
 l |K211|/|Kd| | energy of top-r modes: r=1   r=2   r=4   r=8   r=16  r=32  | closure eps with: true r=1   r=2   r=4   r=8   r=16  r=32   uC   none
 0       2.121 | 0.018 0.034 0.065 0.120 0.217 0.384 | 0.028 0.046 0.045 0.045 0.044 0.043 0.040 0.046 0.046
 1       1.678 | 0.270 0.299 0.347 0.429 0.546 0.688 | 0.033 0.062 0.061 0.060 0.057 0.053 0.048 0.063 0.070
 2       1.852 | 0.304 0.345 0.401 0.487 0.609 0.743 | 0.032 0.067 0.066 0.065 0.062 0.057 0.050 0.069 0.079
 3       1.858 | 0.381 0.439 0.514 0.600 0.699 0.805 | 0.030 0.062 0.060 0.058 0.055 0.050 0.044 0.066 0.080
 4       1.680 | 0.478 0.532 0.615 0.701 0.788 0.874 | 0.030 0.055 0.054 0.050 0.047 0.042 0.037 0.065 0.086
 5       2.045 | 0.642 0.706 0.766 0.833 0.892 0.941 | 0.033 0.056 0.054 0.052 0.048 0.045 0.040 0.062 0.088
 6       2.536 | 0.746 0.792 0.844 0.885 0.922 0.958 | 0.040 0.058 0.055 0.051 0.048 0.046 0.044 0.064 0.100
 7       2.277 | 0.802 0.838 0.881 0.922 0.951 0.976 | 0.038 0.054 0.051 0.047 0.046 0.045 0.041 0.058 0.087
 8       2.011 | 0.857 0.896 0.920 0.945 0.967 0.985 | 0.033 0.040 0.039 0.038 0.037 0.035 0.035 0.045 0.097
 9       2.452 | 0.900 0.917 0.936 0.958 0.979 0.992 | 0.042 0.046 0.046 0.045 0.044 0.044 0.043 0.046 0.091
10       2.432 | 0.906 0.919 0.938 0.964 0.979 0.992 | 0.031 0.036 0.035 0.035 0.035 0.034 0.033 0.038 0.077
11       5.477 | 0.886 0.925 0.946 0.969 0.985 0.995 | 0.043 0.052 0.052 0.050 0.049 0.049 0.047 0.054 0.090
12       1.813 | 0.869 0.903 0.935 0.960 0.982 0.994 | 0.034 0.041 0.041 0.039 0.039 0.037 0.036 0.043 0.077
13       3.557 | 0.864 0.897 0.933 0.957 0.978 0.992 | 0.039 0.048 0.047 0.047 0.046 0.044 0.042 0.049 0.078
14       1.686 | 0.872 0.912 0.928 0.950 0.971 0.988 | 0.052 0.059 0.056 0.058 0.056 0.054 0.054 0.061 0.087
