
atlas128/seed3/mlp_00001.npz: width 128, depth 16, N = 500000  (2,1,1) slice as a mode family
 l |K211|/|Kd| | energy of top-r modes: r=1   r=2   r=4   r=8   r=16  r=32  | closure eps with: true r=1   r=2   r=4   r=8   r=16  r=32   uC   none
 0       2.118 | 0.017 0.033 0.061 0.114 0.210 0.377 | 0.027 0.044 0.044 0.043 0.043 0.041 0.039 0.044 0.044
 1       1.924 | 0.299 0.335 0.384 0.461 0.569 0.707 | 0.033 0.060 0.059 0.057 0.055 0.051 0.047 0.061 0.068
 2       1.690 | 0.342 0.386 0.442 0.529 0.632 0.754 | 0.031 0.066 0.065 0.062 0.059 0.055 0.049 0.068 0.078
 3       1.589 | 0.389 0.431 0.502 0.586 0.692 0.807 | 0.030 0.064 0.062 0.059 0.055 0.050 0.045 0.067 0.079
 4       1.918 | 0.417 0.527 0.599 0.683 0.771 0.861 | 0.032 0.066 0.063 0.060 0.056 0.051 0.045 0.071 0.082
 5       1.531 | 0.411 0.519 0.606 0.711 0.806 0.891 | 0.040 0.068 0.067 0.064 0.058 0.054 0.048 0.075 0.090
 6       1.713 | 0.489 0.598 0.676 0.767 0.842 0.913 | 0.040 0.069 0.067 0.063 0.058 0.054 0.050 0.074 0.096
 7       1.789 | 0.488 0.583 0.696 0.780 0.848 0.916 | 0.040 0.063 0.060 0.055 0.053 0.050 0.047 0.070 0.097
 8       1.698 | 0.562 0.654 0.761 0.834 0.898 0.946 | 0.040 0.065 0.059 0.053 0.050 0.047 0.045 0.066 0.089
 9       2.071 | 0.660 0.732 0.826 0.886 0.930 0.963 | 0.046 0.060 0.058 0.054 0.053 0.051 0.050 0.060 0.082
10       1.482 | 0.673 0.748 0.833 0.889 0.933 0.968 | 0.046 0.059 0.058 0.053 0.050 0.050 0.048 0.061 0.086
11       1.799 | 0.691 0.810 0.869 0.916 0.955 0.980 | 0.042 0.053 0.049 0.046 0.045 0.044 0.043 0.056 0.079
12       2.174 | 0.797 0.862 0.903 0.938 0.963 0.983 | 0.046 0.054 0.051 0.051 0.049 0.048 0.048 0.056 0.082
13       1.025 | 0.771 0.855 0.897 0.931 0.956 0.980 | 0.044 0.050 0.049 0.047 0.047 0.047 0.046 0.051 0.073
14       2.136 | 0.821 0.891 0.918 0.942 0.967 0.986 | 0.041 0.056 0.049 0.045 0.045 0.044 0.044 0.059 0.080
