
pair atlas128/seed3/mlp_00000.npz | atlas128/seed4/mlp_00000.npz: width 128, depth 16, N = 500000 + 500000
 l eps_noise    off tnoise  snr(Kd) | memless x   corr    off   corr |  wick x   corr    off   corr | herm4 x   corr | hub n/4 x   corr | closure x   corr    off   corr |  fit x   corr    off   corr
 0     0.062  0.063  0.059    22.14 |     0.288  0.281  0.290  0.283 |   0.076  0.044  0.077  0.044 |   0.075  0.043 |     0.203  0.193 |     0.084  0.056  0.084  0.057 |  0.084  0.056  0.084  0.056
 1     0.044  0.045  0.041   140.39 |     0.495  0.493  0.502  0.500 |   0.093  0.081  0.094  0.082 |   0.093  0.082 |     0.255  0.251 |     0.068  0.051  0.068  0.052 |  0.067  0.050  0.068  0.051
 2     0.032  0.033  0.030   276.39 |     0.493  0.491  0.500  0.499 |   0.095  0.090  0.097  0.091 |   0.095  0.090 |     0.224  0.221 |     0.055  0.044  0.055  0.045 |  0.054  0.043  0.054  0.043
 3     0.025  0.025  0.022   462.48 |     0.480  0.479  0.486  0.485 |   0.094  0.091  0.095  0.092 |   0.094  0.091 |     0.179  0.177 |     0.045  0.037  0.045  0.038 |  0.044  0.036  0.044  0.036
 4     0.019  0.019  0.017   782.92 |     0.536  0.536  0.544  0.543 |   0.088  0.086  0.089  0.087 |   0.088  0.086 |     0.147  0.146 |     0.040  0.035  0.041  0.036 |  0.037  0.032  0.037  0.032
 5     0.016  0.016  0.014  1433.15 |     0.510  0.510  0.515  0.515 |   0.083  0.082  0.084  0.083 |   0.081  0.079 |     0.119  0.118 |     0.040  0.037  0.041  0.038 |  0.032  0.027  0.032  0.028
 6     0.013  0.013  0.012  2305.14 |     0.571  0.571  0.580  0.579 |   0.087  0.086  0.088  0.087 |   0.085  0.084 |     0.113  0.112 |     0.044  0.042  0.044  0.042 |  0.029  0.026  0.029  0.026
 7     0.011  0.011  0.009  3940.46 |     0.543  0.543  0.549  0.549 |   0.087  0.087  0.088  0.087 |   0.081  0.081 |     0.081  0.080 |     0.041  0.039  0.041  0.039 |  0.022  0.019  0.022  0.019
 8     0.010  0.011  0.008  6085.37 |     0.600  0.600  0.609  0.609 |   0.069  0.069  0.070  0.069 |   0.068  0.067 |     0.082  0.081 |     0.037  0.035  0.037  0.035 |  0.022  0.019  0.022  0.019
 9     0.011  0.011  0.008  6039.66 |     0.624  0.624  0.630  0.630 |   0.065  0.064  0.065  0.064 |   0.064  0.063 |     0.081  0.080 |     0.048  0.046  0.048  0.047 |  0.021  0.018  0.021  0.018
10     0.012  0.012  0.009  5103.88 |     0.689  0.689  0.700  0.699 |   0.047  0.045  0.047  0.046 |   0.041  0.040 |     0.066  0.065 |     0.040  0.039  0.041  0.039 |  0.018  0.014  0.019  0.014
11     0.012  0.012  0.009  4342.72 |     0.633  0.632  0.641  0.641 |   0.068  0.067  0.069  0.068 |   0.067  0.065 |     0.069  0.068 |     0.050  0.049  0.051  0.049 |  0.024  0.021  0.024  0.021
12     0.012  0.012  0.010  5826.58 |     0.646  0.646  0.654  0.654 |   0.056  0.054  0.057  0.055 |   0.052  0.051 |     0.076  0.075 |     0.041  0.040  0.042  0.040 |  0.020  0.017  0.021  0.017
13     0.014  0.014  0.012  2834.11 |     0.564  0.564  0.569  0.569 |   0.056  0.055  0.057  0.055 |   0.054  0.052 |     0.065  0.063 |     0.049  0.047  0.050  0.047 |  0.025  0.021  0.025  0.021
14     0.013  0.013  0.011  3483.59 |     0.631  0.630  0.640  0.639 |   0.070  0.069  0.071  0.070 |   0.064  0.063 |     0.086  0.085 |     0.059  0.058  0.060  0.059 |  0.023  0.018  0.023  0.019
