
pair atlas128/seed1/mlp_00001.npz | atlas128/seed2/mlp_00001.npz: width 128, depth 16, N = 500000 + 500000
 l eps_noise    off  snr(Kd) | memless x   corr    off   corr |  wick x   corr    off   corr | herm4 x   corr | hub n/4 x   corr | closure x   corr    off   corr |  fit x   corr    off   corr
 0     0.061  0.062    21.91 |     0.275  0.268  0.277  0.270 |   0.075  0.042  0.075  0.043 |   0.074  0.042 |     0.192  0.182 |     0.074  0.042  0.075  0.042 |  0.074  0.042  0.075  0.042
 1     0.040  0.041   141.77 |     0.433  0.431  0.438  0.436 |   0.086  0.077  0.087  0.077 |   0.087  0.077 |     0.223  0.220 |     0.080  0.069  0.081  0.070 |  0.079  0.068  0.079  0.068
 2     0.033  0.033   282.12 |     0.496  0.495  0.502  0.501 |   0.094  0.088  0.095  0.089 |   0.094  0.089 |     0.219  0.217 |     0.087  0.081  0.088  0.082 |  0.081  0.074  0.082  0.075
 3     0.024  0.025   450.51 |     0.491  0.491  0.499  0.498 |   0.095  0.092  0.097  0.094 |   0.096  0.093 |     0.186  0.184 |     0.085  0.081  0.086  0.082 |  0.079  0.075  0.080  0.076
 4     0.022  0.022   628.08 |     0.517  0.517  0.525  0.524 |   0.096  0.094  0.098  0.095 |   0.093  0.091 |     0.176  0.175 |     0.087  0.085  0.089  0.086 |  0.076  0.073  0.077  0.074
 5     0.018  0.018   953.78 |     0.497  0.496  0.504  0.503 |   0.105  0.103  0.106  0.105 |   0.103  0.101 |     0.170  0.169 |     0.094  0.092  0.095  0.093 |  0.083  0.081  0.084  0.082
 6     0.017  0.018  1131.64 |     0.510  0.510  0.518  0.517 |   0.101  0.100  0.103  0.101 |   0.098  0.096 |     0.174  0.174 |     0.099  0.098  0.101  0.099 |  0.084  0.082  0.085  0.083
 7     0.013  0.013  1242.93 |     0.477  0.477  0.484  0.484 |   0.090  0.089  0.092  0.091 |   0.089  0.088 |     0.135  0.135 |     0.098  0.097  0.100  0.099 |  0.075  0.074  0.076  0.075
 8     0.012  0.012  1936.62 |     0.521  0.521  0.527  0.527 |   0.092  0.091  0.093  0.093 |   0.086  0.085 |     0.117  0.116 |     0.091  0.090  0.092  0.091 |  0.062  0.061  0.063  0.062
 9     0.011  0.011  2619.02 |     0.507  0.507  0.515  0.515 |   0.083  0.082  0.084  0.084 |   0.076  0.075 |     0.113  0.112 |     0.084  0.084  0.086  0.085 |  0.058  0.057  0.059  0.058
10     0.010  0.010  3822.28 |     0.601  0.601  0.609  0.609 |   0.083  0.082  0.085  0.084 |   0.079  0.078 |     0.092  0.091 |     0.088  0.087  0.090  0.089 |  0.067  0.066  0.068  0.067
11     0.010  0.010  4568.34 |     0.550  0.550  0.556  0.556 |   0.067  0.066  0.068  0.067 |   0.062  0.061 |     0.078  0.077 |     0.082  0.081  0.083  0.082 |  0.050  0.049  0.050  0.050
12     0.009  0.009  5157.97 |     0.556  0.556  0.562  0.562 |   0.078  0.077  0.079  0.078 |   0.070  0.069 |     0.087  0.087 |     0.085  0.084  0.086  0.085 |  0.051  0.051  0.052  0.051
13     0.008  0.008  6373.18 |     0.591  0.591  0.599  0.598 |   0.063  0.062  0.063  0.063 |   0.057  0.056 |     0.093  0.092 |     0.076  0.076  0.077  0.077 |  0.047  0.046  0.048  0.047
14     0.009  0.009  6810.43 |     0.615  0.615  0.623  0.623 |   0.068  0.068  0.069  0.068 |   0.061  0.060 |     0.076  0.076 |     0.082  0.082  0.084  0.083 |  0.053  0.052  0.054  0.053
