
dict(k3mode='closure',k4mode='zero')
 l      mu     var    Coff      D3     D21      K4     K22 |   mse(a)
 0  1.0000  0.0018  0.0163  0.0000  0.0000  0.0000  0.0000 | 1.45e-06
 1  0.0022  0.0021  0.0136  0.0498  0.0609  1.0000  1.0000 | 2.75e-06
 2  0.0025  0.0049  0.0213  0.1881  0.1788  1.0000  1.0000 | 4.37e-06
 3  0.0030  0.0105  0.0387  0.2773  0.2527  1.0000  1.0000 | 5.19e-06
 4  0.0028  0.0173  0.0532  0.2689  0.2657  1.0000  1.0000 | 6.61e-06
 5  0.0032  0.0270  0.0676  0.3322  0.3240  1.0000  1.0000 | 9.02e-06
 6  0.0045  0.0176  0.0604  0.3281  0.3172  1.0000  1.0000 | 1.21e-05
 7  0.0047  0.0309  0.0739  0.3676  0.3471  1.0000  1.0000 | 1.23e-05
 8  0.0049  0.0414  0.0925  0.3669  0.3763  1.0000  1.0000 | 9.57e-06
 9  0.0044  0.0523  0.0865  0.3981  0.3885  1.0000  1.0000 | 1.08e-05
10  0.0056  0.0447  0.0917  0.3533  0.4063  1.0000  1.0000 | 1.10e-05
11  0.0055  0.0428  0.0873  0.3724  0.4121  1.0000  1.0000 | 7.14e-06
12  0.0057  0.0395  0.0841  0.3358  0.3853  1.0000  1.0000 | 6.69e-06
13  0.0043  0.0467  0.0776  0.4369  0.4744  1.0000  1.0000 | 6.03e-06
14  0.0038  0.0499  0.0737  0.4343  0.4662  1.0000  1.0000 | 5.26e-06
15  0.0052  0.0504  0.0771  0.4305  0.4632  1.0000  1.0000 | 6.08e-06

dict(k3mode='closure',k4mode='mem')
 l      mu     var    Coff      D3     D21      K4     K22 |   mse(a)
 0  1.0000  0.0018  0.0163  0.0000  0.0000  0.0000  0.0000 | 1.45e-06
 1  0.0022  0.0021  0.0136  0.0498  0.0609  0.1591  0.1732 | 9.90e-07
 2  0.0016  0.0023  0.0119  0.0426  0.0626  0.2651  0.2748 | 1.07e-06
 3  0.0015  0.0030  0.0135  0.0604  0.0817  0.2884  0.3266 | 1.42e-06
 4  0.0016  0.0045  0.0178  0.0690  0.0978  0.4700  0.4519 | 2.02e-06
 5  0.0019  0.0073  0.0250  0.0854  0.1269  0.4754  0.4621 | 4.30e-06
 6  0.0030  0.0106  0.0342  0.1159  0.1465  0.5349  0.5146 | 7.52e-06
 7  0.0037  0.0153  0.0407  0.1326  0.1787  0.5756  0.5693 | 9.76e-06
 8  0.0046  0.0212  0.0501  0.1406  0.2085  0.6526  0.6347 | 1.21e-05
 9  0.0062  0.0285  0.0578  0.1766  0.2302  0.7516  0.7235 | 2.36e-05
10  0.0080  0.0284  0.0689  0.1580  0.2498  0.6907  0.7043 | 2.92e-05
11  0.0103  0.0374  0.0811  0.2251  0.2927  0.7079  0.6922 | 3.33e-05
12  0.0126  0.0383  0.0874  0.2038  0.2754  0.7666  0.7063 | 4.78e-05
13  0.0119  0.0358  0.0766  0.3009  0.3731  0.8755  0.8434 | 5.65e-05
14  0.0122  0.0467  0.0778  0.3161  0.3845  0.9117  0.8728 | 5.08e-05
15  0.0167  0.0609  0.1097  0.2541  0.3706  0.7775  0.7748 | 7.51e-05

dict(k3mode='closure',k4mode='atlas')
 l      mu     var    Coff      D3     D21      K4     K22 |   mse(a)
 0  1.0000  0.0018  0.0163  0.0000  0.0000  0.0000  0.0000 | 1.45e-06
 1  0.0022  0.0021  0.0136  0.0498  0.0609  0.0000  0.0000 | 9.35e-07
 2  0.0016  0.0022  0.0110  0.0349  0.0479  0.0000  0.0000 | 7.99e-07
 3  0.0013  0.0022  0.0096  0.0296  0.0438  0.0000  0.0000 | 7.09e-07
 4  0.0011  0.0026  0.0086  0.0256  0.0394  0.0000  0.0000 | 7.84e-07
 5  0.0011  0.0029  0.0098  0.0357  0.0497  0.0000  0.0000 | 8.14e-07
 6  0.0013  0.0034  0.0117  0.0390  0.0584  0.0000  0.0000 | 1.01e-06
 7  0.0016  0.0047  0.0136  0.0437  0.0627  0.0000  0.0000 | 1.32e-06
 8  0.0018  0.0054  0.0157  0.0520  0.0633  0.0000  0.0000 | 1.44e-06
 9  0.0019  0.0091  0.0181  0.0493  0.0818  0.0000  0.0000 | 2.00e-06
10  0.0022  0.0107  0.0243  0.0648  0.0907  0.0000  0.0000 | 2.62e-06
11  0.0029  0.0131  0.0306  0.0912  0.1302  0.0000  0.0000 | 2.89e-06
12  0.0037  0.0151  0.0373  0.0843  0.1198  0.0000  0.0000 | 4.24e-06
13  0.0035  0.0153  0.0311  0.1069  0.1415  0.0000  0.0000 | 5.08e-06
14  0.0041  0.0182  0.0353  0.0910  0.1454  0.0000  0.0000 | 6.07e-06
15  0.0050  0.0309  0.0560  0.1081  0.1722  0.0000  0.0000 | 6.33e-06

dict(k3mode='engine',k4mode='atlas')
 l      mu     var    Coff      D3     D21      K4     K22 |   mse(a)
 0  1.0000  0.0018  0.0163  0.0000  0.0000  0.0000  0.0000 | 1.45e-06
 1  0.0022  0.0021  0.0136  0.0500  0.0609  0.0000  0.0000 | 9.36e-07
 2  0.0016  0.0022  0.0110  0.0277  0.0375  0.0000  0.0000 | 8.04e-07
 3  0.0013  0.0021  0.0092  0.0219  0.0297  0.0000  0.0000 | 7.03e-07
 4  0.0011  0.0022  0.0077  0.0156  0.0238  0.0000  0.0000 | 6.93e-07
 5  0.0011  0.0027  0.0085  0.0192  0.0297  0.0000  0.0000 | 5.97e-07
 6  0.0011  0.0028  0.0092  0.0248  0.0357  0.0000  0.0000 | 6.82e-07
 7  0.0012  0.0040  0.0107  0.0271  0.0362  0.0000  0.0000 | 7.27e-07
 8  0.0014  0.0043  0.0119  0.0316  0.0396  0.0000  0.0000 | 7.78e-07
 9  0.0014  0.0065  0.0135  0.0400  0.0447  0.0000  0.0000 | 1.06e-06
10  0.0016  0.0078  0.0166  0.0393  0.0503  0.0000  0.0000 | 1.21e-06
11  0.0019  0.0080  0.0186  0.0471  0.0571  0.0000  0.0000 | 1.31e-06
12  0.0026  0.0096  0.0220  0.0438  0.0598  0.0000  0.0000 | 2.02e-06
13  0.0024  0.0096  0.0191  0.0392  0.0513  0.0000  0.0000 | 2.24e-06
14  0.0027  0.0113  0.0190  0.0484  0.0514  0.0000  0.0000 | 2.58e-06
15  0.0032  0.0151  0.0268  0.0717  0.0700  0.0000  0.0000 | 2.58e-06
