0 1.4796e-08 0.2033 3.0076e-09 0.728
1 1.5745e-08 0.2025 3.1876e-09 0.729
2 1.8373e-08 0.2024 3.7179e-09 0.737
3 1.7035e-08 0.2025 3.4488e-09 0.731
4 1.4832e-08 0.2037 3.0219e-09 0.755
5 1.4595e-08 0.2025 2.9548e-09 0.741
6 1.3846e-08 0.2025 2.8031e-09 0.739
7 1.5190e-08 0.2025 3.0753e-09 0.742
8 1.5507e-08 0.2036 3.1575e-09 0.720
9 1.5796e-08 0.2020 3.1914e-09 0.745
10 1.4103e-08 0.2012 2.8378e-09 0.737
11 1.7864e-08 0.2020 3.6093e-09 0.727
12 1.4996e-08 0.2025 3.0359e-09 0.735
13 1.9013e-08 0.2023 3.8458e-09 0.736
14 1.4620e-08 0.2020 2.9538e-09 0.754
15 1.6029e-08 0.2029 3.2516e-09 0.745
16 1.3757e-08 0.2029 2.7907e-09 0.749
17 1.4501e-08 0.2047 2.9689e-09 0.747
18 1.3569e-08 0.2033 2.7583e-09 0.753
19 1.5180e-08 0.2020 3.0670e-09 0.733
20 1.6049e-08 0.2037 3.2698e-09 0.730
21 1.6266e-08 0.2032 3.3059e-09 0.748
22 1.5752e-08 0.2024 3.1885e-09 0.735
23 1.2971e-08 0.2025 2.6260e-09 0.725
24 1.5604e-08 0.2020 3.1527e-09 0.738
25 1.6793e-08 0.2025 3.3998e-09 0.737
26 1.6301e-08 0.2032 3.3128e-09 0.737
27 1.2401e-08 0.2032 2.5203e-09 0.746
28 1.6021e-08 0.2024 3.2429e-09 0.751
29 1.4864e-08 0.2020 3.0032e-09 0.729
30 1.5040e-08 0.2029 3.0509e-09 0.730
31 1.4116e-08 0.2028 2.8631e-09 0.741
32 1.6525e-08 0.2029 3.3533e-09 0.759
33 1.5733e-08 0.2028 3.1910e-09 0.745
34 1.9681e-08 0.2024 3.9836e-09 0.741
35 1.3365e-08 0.2029 2.7113e-09 0.753
36 1.4641e-08 0.2032 2.9755e-09 0.754
37 1.7409e-08 0.2032 3.5382e-09 0.754
38 1.6419e-08 0.2024 3.3234e-09 0.748
39 1.6562e-08 0.2018 3.3418e-09 0.752
40 1.9285e-08 0.2025 3.9042e-09 0.741
41 1.3657e-08 0.2015 2.7513e-09 0.727
42 1.4292e-08 0.2032 2.9042e-09 0.734
43 1.5740e-08 0.2043 3.2156e-09 0.733
44 1.6632e-08 0.2025 3.3671e-09 0.738
45 1.0984e-08 0.2014 2.2121e-09 0.726
46 1.5535e-08 0.2029 3.1515e-09 0.747
47 2.0679e-08 0.2042 4.2217e-09 0.726
48 1.7032e-08 0.2033 3.4621e-09 0.724
49 1.1732e-08 0.2025 2.3752e-09 0.736
50 1.2050e-08 0.2045 2.4642e-09 0.733
51 1.4677e-08 0.2032 2.9828e-09 0.736
52 1.8307e-08 0.2032 3.7206e-09 0.761
53 1.3416e-08 0.2038 2.7345e-09 0.739
54 1.6887e-08 0.2029 3.4257e-09 0.726
55 1.4780e-08 0.2036 3.0098e-09 0.738
56 1.0572e-08 0.2025 2.1404e-09 0.800
57 1.3162e-08 0.2025 2.6646e-09 0.745
58 1.1879e-08 0.2016 2.3951e-09 0.728
59 1.6836e-08 0.2025 3.4085e-09 0.737
60 1.5909e-08 0.2025 3.2207e-09 0.749
61 1.5254e-08 0.2042 3.1141e-09 0.765
62 1.6404e-08 0.2020 3.3143e-09 0.729
63 1.3252e-08 0.2037 2.6992e-09 0.727
64 1.5726e-08 0.2033 3.1975e-09 0.745
65 1.7779e-08 0.2043 3.6316e-09 0.719
66 1.2778e-08 0.2033 2.5973e-09 0.731
67 1.7287e-08 0.2042 3.5305e-09 0.759
68 1.4601e-08 0.2037 2.9749e-09 0.745
69 1.6156e-08 0.2043 3.3005e-09 0.760
70 1.4506e-08 0.2037 2.9546e-09 0.750
71 1.4039e-08 0.2029 2.8481e-09 0.726
72 1.3633e-08 0.2028 2.7652e-09 0.732
73 2.0425e-08 0.2024 4.1342e-09 0.739
74 1.5017e-08 0.2033 3.0528e-09 0.732
75 1.5129e-08 0.2028 3.0685e-09 0.735
76 1.6122e-08 0.2012 3.2440e-09 0.739
77 1.7697e-08 0.2041 3.6116e-09 0.727
78 1.8625e-08 0.2032 3.7852e-09 0.757
79 1.5074e-08 0.2029 3.0579e-09 0.735
80 1.5318e-08 0.2029 3.1074e-09 0.742
81 1.3585e-08 0.2016 2.7386e-09 0.734
82 1.2173e-08 0.2032 2.4741e-09 0.754
83 1.6872e-08 0.2032 3.4290e-09 0.725
84 1.6062e-08 0.2025 3.2517e-09 0.726
85 1.4730e-08 0.2028 2.9877e-09 0.788
86 1.5698e-08 0.2032 3.1905e-09 0.760
87 1.5087e-08 0.2025 3.0545e-09 0.742
88 1.5990e-08 0.2025 3.2372e-09 0.738
89 1.6977e-08 0.2025 3.4369e-09 0.745
90 1.7314e-08 0.2025 3.5053e-09 0.760
91 1.4742e-08 0.2010 2.9629e-09 0.759
92 1.6247e-08 0.2025 3.2892e-09 0.745
93 1.5958e-08 0.2029 3.2372e-09 0.735
94 1.3555e-08 0.2016 2.7332e-09 0.769
95 1.9519e-08 0.2033 3.9676e-09 0.736
96 1.6173e-08 0.2033 3.2875e-09 0.700
97 1.4346e-08 0.2020 2.8986e-09 0.695
98 1.5274e-08 0.2037 3.1120e-09 0.695
99 1.5448e-08 0.2025 3.1275e-09 0.702
