widths [64, 96, 128, 160]; MLPs per width 64: 6 (3 pairs), 96: 6 (3 pairs), 128: 8 (3 pairs), 160: 3 (1 pairs)

## representation error eps_rep (pair MLPs; target and model-input MC noise subtracted): per width, then fit eps ~ n^-p and the value at n = 1024; last column the floor model a + b/sqrt(n) at 1024

### wick
 l | n=64   n=96   n=128  n=160  |     p  eps(1024) floor(1024)
 0 |  0.012  0.013  0.010  0.008 |  0.39   0.0043   0.0058
 1 |  0.089  0.083  0.077  0.067 |  0.29   0.0409   0.0496
 2 |  0.107  0.098  0.089  0.072 |  0.40   0.0368   0.0449
 3 |  0.126  0.113  0.095  0.075 |  0.54   0.0293   0.0312
 4 |  0.120  0.106  0.099  0.078 |  0.42   0.0380   0.0458
 5 |  0.132  0.098  0.091  0.078 |  0.54   0.0285   0.0240
 6 |  0.168  0.099  0.090  0.075 |  0.84   0.0153  -0.0251
 7 |  0.140  0.097  0.081  0.063 |  0.85   0.0132  -0.0159
 8 |  0.122  0.106  0.087  0.064 |  0.68   0.0198   0.0133
 9 |  0.123  0.098  0.096  0.067 |  0.59   0.0246   0.0228
10 |  0.109  0.088  0.085  0.055 |  0.66   0.0183   0.0144
11 |  0.122  0.103  0.082  0.058 |  0.77   0.0153   0.0023
12 |  0.087  0.097  0.077  0.047 |  0.62   0.0182   0.0246
13 |  0.094  0.090  0.080  0.041 |  0.79   0.0122   0.0106
14 |  0.116  0.096  0.072  0.031 |  1.30   0.0037  -0.0361
rms 1-3 |  0.108  0.099  0.087  0.072 |  0.43   0.0342   0.0410
rms 4-9 |  0.135  0.101  0.091  0.071 |  0.66   0.0216   0.0101
rms 10-14 |  0.106  0.095  0.079  0.047 |  0.80   0.0127   0.0036

### leg
 l | n=64   n=96   n=128  n=160  |     p  eps(1024) floor(1024)
 0 |  0.001  0.006  0.003  0.000 | -1.14   0.0443   0.0009
 1 |  0.034  0.031  0.029  0.024 |  0.36   0.0129   0.0159
 2 |  0.042  0.035  0.031  0.023 |  0.62   0.0079   0.0066
 3 |  0.056  0.041  0.034  0.024 |  0.91   0.0047  -0.0076
 4 |  0.054  0.038  0.034  0.026 |  0.77   0.0064  -0.0020
 5 |  0.061  0.042  0.034  0.026 |  0.90   0.0051  -0.0092
 6 |  0.080  0.046  0.036  0.032 |  1.00   0.0047  -0.0224
 7 |  0.083  0.053  0.039  0.030 |  1.11   0.0038  -0.0270
 8 |  0.076  0.057  0.041  0.029 |  1.05   0.0044  -0.0185
 9 |  0.082  0.053  0.042  0.031 |  1.03   0.0047  -0.0215
10 |  0.069  0.058  0.046  0.023 |  1.07   0.0040  -0.0117
11 |  0.106  0.080  0.054  0.026 |  1.43   0.0023  -0.0457
12 |  0.075  0.069  0.056  0.023 |  1.13   0.0039  -0.0109
13 |  0.097  0.071  0.059  0.021 |  1.46   0.0020  -0.0381
14 |  0.113  0.061  0.059  0.019 |  1.68   0.0012  -0.0607
rms 1-3 |  0.045  0.036  0.031  0.023 |  0.68   0.0071   0.0038
rms 4-9 |  0.074  0.049  0.038  0.029 |  1.00   0.0046  -0.0175
rms 10-14 |  0.093  0.068  0.055  0.023 |  1.38   0.0023  -0.0351

### legR
 l | n=64   n=96   n=128  n=160  |     p  eps(1024) floor(1024)
 0 |  0.003  0.006  0.005  0.000 | -0.56   0.0174   0.0001
 1 |  0.068  0.063  0.058  0.049 |  0.32   0.0283   0.0347
 2 |  0.082  0.077  0.068  0.053 |  0.44   0.0255   0.0315
 3 |  0.093  0.085  0.071  0.055 |  0.56   0.0209   0.0219
 4 |  0.096  0.078  0.071  0.055 |  0.57   0.0199   0.0182
 5 |  0.100  0.077  0.065  0.056 |  0.63   0.0174   0.0101
 6 |  0.128  0.073  0.062  0.057 |  0.89   0.0101  -0.0258
 7 |  0.118  0.075  0.066  0.055 |  0.82   0.0117  -0.0136
 8 |  0.100  0.084  0.062  0.046 |  0.83   0.0106  -0.0051
 9 |  0.101  0.076  0.067  0.045 |  0.81   0.0109  -0.0041
10 |  0.100  0.077  0.066  0.035 |  1.05   0.0060  -0.0182
11 |  0.117  0.092  0.063  0.041 |  1.13   0.0056  -0.0322
12 |  0.095  0.090  0.067  0.034 |  1.04   0.0063  -0.0114
13 |  0.101  0.081  0.070  0.027 |  1.25   0.0037  -0.0255
14 |  0.135  0.079  0.070  0.025 |  1.64   0.0016  -0.0709
rms 1-3 |  0.082  0.075  0.066  0.052 |  0.46   0.0240   0.0288
rms 4-9 |  0.108  0.077  0.066  0.052 |  0.76   0.0129  -0.0038
rms 10-14 |  0.111  0.084  0.067  0.033 |  1.21   0.0043  -0.0321

### own
 l | n=64   n=96   n=128  n=160  |     p  eps(1024) floor(1024)
 0 |  0.001  0.005  0.003  0.000 | -2.28   0.5090   0.0018
 1 |  0.033  0.031  0.029  0.023 |  0.34   0.0133   0.0165
 2 |  0.038  0.033  0.029  0.022 |  0.55   0.0086   0.0090
 3 |  0.043  0.036  0.031  0.021 |  0.72   0.0061   0.0029
 4 |  0.041  0.031  0.029  0.021 |  0.69   0.0062   0.0027
 5 |  0.043  0.029  0.025  0.020 |  0.81   0.0045  -0.0039
 6 |  0.055  0.028  0.023  0.020 |  1.10   0.0024  -0.0204
 7 |  0.052  0.027  0.021  0.016 |  1.26   0.0015  -0.0236
 8 |  0.044  0.031  0.023  0.014 |  1.20   0.0017  -0.0150
 9 |  0.034  0.028  0.024  0.015 |  0.82   0.0038  -0.0001
10 |  0.027  0.024  0.021  0.014 |  0.69   0.0043   0.0032
11 |  0.039  0.030  0.018  0.015 |  1.08   0.0020  -0.0110
12 |  0.022  0.030  0.018  0.012 |  0.72   0.0038   0.0046
13 |  0.023  0.026  0.018  0.009 |  0.91   0.0023   0.0009
14 |  0.028  0.027  0.016  0.007 |  1.45   0.0006  -0.0103
rms 1-3 |  0.038  0.033  0.030  0.022 |  0.55   0.0087   0.0093
rms 4-9 |  0.046  0.029  0.025  0.018 |  0.98   0.0030  -0.0103
rms 10-14 |  0.029  0.028  0.018  0.012 |  0.95   0.0023  -0.0027

### ensD
 l | n=64   n=96   n=128  n=160  |     p  eps(1024) floor(1024)
 0 |  0.001  0.006  0.003  0.000 | -2.59   1.0690   0.0020
 1 |  0.033  0.031  0.029  0.023 |  0.34   0.0133   0.0165
 2 |  0.038  0.033  0.029  0.022 |  0.56   0.0085   0.0088
 3 |  0.043  0.036  0.031  0.021 |  0.73   0.0061   0.0026
 4 |  0.042  0.032  0.029  0.021 |  0.69   0.0063   0.0031
 5 |  0.044  0.029  0.025  0.020 |  0.81   0.0045  -0.0041
 6 |  0.056  0.028  0.023  0.020 |  1.09   0.0025  -0.0205
 7 |  0.054  0.027  0.022  0.016 |  1.29   0.0014  -0.0255
 8 |  0.045  0.031  0.024  0.014 |  1.20   0.0017  -0.0151
 9 |  0.036  0.029  0.026  0.016 |  0.77   0.0045   0.0012
10 |  0.033  0.025  0.021  0.014 |  0.85   0.0032  -0.0024
11 |  0.040  0.031  0.019  0.015 |  1.11   0.0020  -0.0119
12 |  0.023  0.031  0.018  0.012 |  0.74   0.0037   0.0045
13 |  0.029  0.030  0.018  0.009 |  1.22   0.0012  -0.0072
14 |  0.031  0.031  0.016  0.007 |  1.58   0.0005  -0.0137
rms 1-3 |  0.039  0.034  0.030  0.022 |  0.55   0.0086   0.0091
rms 4-9 |  0.047  0.030  0.025  0.018 |  0.98   0.0031  -0.0105
rms 10-14 |  0.032  0.030  0.019  0.012 |  1.07   0.0019  -0.0061

### ens
 l | n=64   n=96   n=128  n=160  |     p  eps(1024) floor(1024)
 0 |  0.001  0.006  0.003  0.000 | -2.13   0.3861   0.0017
 1 |  0.033  0.031  0.029  0.023 |  0.34   0.0133   0.0166
 2 |  0.038  0.033  0.029  0.022 |  0.56   0.0085   0.0088
 3 |  0.043  0.036  0.031  0.021 |  0.73   0.0061   0.0025
 4 |  0.041  0.032  0.029  0.021 |  0.69   0.0063   0.0030
 5 |  0.044  0.029  0.025  0.020 |  0.81   0.0045  -0.0042
 6 |  0.056  0.028  0.023  0.020 |  1.10   0.0024  -0.0206
 7 |  0.054  0.028  0.021  0.015 |  1.34   0.0013  -0.0267
 8 |  0.045  0.032  0.024  0.014 |  1.22   0.0016  -0.0157
 9 |  0.035  0.029  0.026  0.015 |  0.81   0.0041   0.0004
10 |  0.032  0.025  0.021  0.014 |  0.80   0.0036  -0.0005
11 |  0.040  0.031  0.019  0.015 |  1.09   0.0021  -0.0112
12 |  0.024  0.031  0.018  0.012 |  0.81   0.0032   0.0025
13 |  0.029  0.030  0.018  0.009 |  1.21   0.0012  -0.0069
14 |  0.030  0.030  0.016  0.007 |  1.54   0.0005  -0.0126
rms 1-3 |  0.038  0.034  0.030  0.022 |  0.55   0.0086   0.0091
rms 4-9 |  0.046  0.030  0.025  0.018 |  0.99   0.0029  -0.0109
rms 10-14 |  0.031  0.029  0.018  0.012 |  1.05   0.0020  -0.0056

### ensR
 l | n=64   n=96   n=128  n=160  |     p  eps(1024) floor(1024)
 0 |  0.003  0.006  0.005  0.000 | -0.75   0.0270   0.0006
 1 |  0.067  0.063  0.058  0.049 |  0.32   0.0286   0.0351
 2 |  0.080  0.076  0.068  0.053 |  0.42   0.0262   0.0327
 3 |  0.090  0.083  0.069  0.054 |  0.54   0.0213   0.0234
 4 |  0.089  0.075  0.069  0.053 |  0.53   0.0212   0.0224
 5 |  0.092  0.068  0.062  0.050 |  0.63   0.0161   0.0095
 6 |  0.115  0.064  0.056  0.050 |  0.90   0.0088  -0.0242
 7 |  0.105  0.057  0.053  0.039 |  1.01   0.0060  -0.0295
 8 |  0.079  0.068  0.051  0.038 |  0.78   0.0097   0.0000
 9 |  0.067  0.062  0.055  0.036 |  0.61   0.0133   0.0145
10 |  0.063  0.054  0.046  0.030 |  0.73   0.0088   0.0042
11 |  0.069  0.060  0.038  0.035 |  0.80   0.0080  -0.0026
12 |  0.055  0.058  0.037  0.025 |  0.88   0.0056  -0.0009
13 |  0.050  0.054  0.038  0.020 |  0.91   0.0048   0.0006
14 |  0.064  0.053  0.035  0.016 |  1.43   0.0014  -0.0260
rms 1-3 |  0.080  0.074  0.065  0.052 |  0.44   0.0246   0.0299
rms 4-9 |  0.092  0.066  0.058  0.045 |  0.75   0.0115  -0.0019
rms 10-14 |  0.061  0.056  0.039  0.026 |  0.90   0.0056  -0.0040

### ensRD
 l | n=64   n=96   n=128  n=160  |     p  eps(1024) floor(1024)
 0 |  0.003  0.006  0.005  0.000 | -0.79   0.0301   0.0007
 1 |  0.067  0.063  0.058  0.049 |  0.32   0.0285   0.0350
 2 |  0.080  0.076  0.068  0.053 |  0.42   0.0262   0.0326
 3 |  0.090  0.083  0.069  0.054 |  0.54   0.0213   0.0233
 4 |  0.090  0.075  0.069  0.052 |  0.54   0.0208   0.0218
 5 |  0.092  0.069  0.062  0.050 |  0.63   0.0160   0.0092
 6 |  0.115  0.064  0.056  0.050 |  0.90   0.0088  -0.0244
 7 |  0.106  0.058  0.053  0.039 |  1.02   0.0059  -0.0303
 8 |  0.079  0.068  0.051  0.038 |  0.78   0.0096  -0.0002
 9 |  0.068  0.062  0.055  0.036 |  0.61   0.0134   0.0144
10 |  0.063  0.054  0.046  0.030 |  0.75   0.0084   0.0038
11 |  0.071  0.060  0.039  0.035 |  0.82   0.0076  -0.0045
12 |  0.054  0.058  0.037  0.025 |  0.86   0.0059   0.0004
13 |  0.050  0.055  0.038  0.021 |  0.88   0.0052   0.0016
14 |  0.066  0.054  0.036  0.016 |  1.46   0.0014  -0.0278
rms 1-3 |  0.080  0.074  0.065  0.052 |  0.44   0.0245   0.0298
rms 4-9 |  0.093  0.066  0.058  0.045 |  0.76   0.0114  -0.0023
rms 10-14 |  0.061  0.056  0.039  0.026 |  0.91   0.0055  -0.0046

## within-atlas eps (all MLPs, includes MC noise): per width, then fit eps ~ n^-p and the value at n = 1024; last column the floor model a + b/sqrt(n) at 1024

### wick
 l | n=64   n=96   n=128  n=160  |     p  eps(1024) floor(1024)
 0 |  0.026  0.035  0.046  0.057 | -0.88   0.2849   0.0853
 1 |  0.093  0.084  0.080  0.074 |  0.25   0.0471   0.0554
 2 |  0.109  0.097  0.091  0.079 |  0.33   0.0440   0.0527
 3 |  0.121  0.104  0.094  0.081 |  0.42   0.0379   0.0436
 4 |  0.123  0.102  0.098  0.085 |  0.37   0.0432   0.0502
 5 |  0.120  0.098  0.094  0.086 |  0.35   0.0445   0.0508
 6 |  0.150  0.101  0.093  0.077 |  0.70   0.0208   0.0008
 7 |  0.131  0.099  0.087  0.072 |  0.63   0.0227   0.0134
 8 |  0.120  0.099  0.086  0.071 |  0.55   0.0263   0.0247
 9 |  0.120  0.085  0.084  0.073 |  0.50   0.0286   0.0256
10 |  0.101  0.088  0.078  0.079 |  0.30   0.0434   0.0504
11 |  0.113  0.093  0.079  0.080 |  0.42   0.0351   0.0379
12 |  0.082  0.086  0.076  0.077 |  0.10   0.0633   0.0697
13 |  0.091  0.082  0.070  0.067 |  0.35   0.0350   0.0413
14 |  0.102  0.086  0.065  0.056 |  0.68   0.0161   0.0079
rms 1-3 |  0.108  0.096  0.088  0.078 |  0.34   0.0421   0.0501
rms 4-9 |  0.128  0.098  0.091  0.078 |  0.52   0.0297   0.0274
rms 10-14 |  0.099  0.087  0.074  0.072 |  0.37   0.0359   0.0417

### leg
 l | n=64   n=96   n=128  n=160  |     p  eps(1024) floor(1024)
 0 |  0.014  0.021  0.028  0.035 | -0.98   0.2147   0.0538
 1 |  0.038  0.034  0.033  0.031 |  0.20   0.0216   0.0248
 2 |  0.044  0.035  0.032  0.028 |  0.47   0.0119   0.0125
 3 |  0.054  0.038  0.034  0.027 |  0.74   0.0069  -0.0006
 4 |  0.054  0.038  0.035  0.029 |  0.65   0.0087   0.0033
 5 |  0.059  0.043  0.037  0.031 |  0.68   0.0088   0.0023
 6 |  0.078  0.047  0.037  0.030 |  1.03   0.0043  -0.0220
 7 |  0.078  0.051  0.040  0.029 |  1.05   0.0043  -0.0208
 8 |  0.077  0.053  0.041  0.031 |  0.96   0.0054  -0.0155
 9 |  0.086  0.053  0.042  0.033 |  1.04   0.0047  -0.0243
10 |  0.080  0.059  0.043  0.036 |  0.89   0.0070  -0.0112
11 |  0.104  0.071  0.046  0.036 |  1.18   0.0041  -0.0378
12 |  0.085  0.062  0.049  0.037 |  0.89   0.0075  -0.0112
13 |  0.103  0.073  0.046  0.032 |  1.26   0.0033  -0.0407
14 |  0.114  0.062  0.048  0.036 |  1.24   0.0036  -0.0493
rms 1-3 |  0.046  0.036  0.033  0.029 |  0.49   0.0117   0.0117
rms 4-9 |  0.073  0.048  0.039  0.031 |  0.93   0.0055  -0.0138
rms 10-14 |  0.098  0.066  0.046  0.036 |  1.11   0.0047  -0.0309

### legR
 l | n=64   n=96   n=128  n=160  |     p  eps(1024) floor(1024)
 0 |  0.023  0.033  0.045  0.056 | -1.00   0.3547   0.0870
 1 |  0.072  0.065  0.062  0.060 |  0.20   0.0408   0.0468
 2 |  0.083  0.076  0.070  0.061 |  0.32   0.0350   0.0424
 3 |  0.091  0.079  0.071  0.060 |  0.43   0.0277   0.0319
 4 |  0.096  0.074  0.072  0.060 |  0.47   0.0256   0.0264
 5 |  0.096  0.075  0.070  0.062 |  0.47   0.0259   0.0265
 6 |  0.118  0.076  0.065  0.057 |  0.79   0.0125  -0.0110
 7 |  0.108  0.075  0.069  0.051 |  0.76   0.0131  -0.0027
 8 |  0.098  0.074  0.063  0.050 |  0.71   0.0138   0.0028
 9 |  0.105  0.070  0.063  0.050 |  0.77   0.0120  -0.0062
10 |  0.100  0.076  0.062  0.055 |  0.66   0.0159   0.0064
11 |  0.111  0.082  0.061  0.059 |  0.73   0.0146  -0.0019
12 |  0.095  0.079  0.062  0.057 |  0.58   0.0194   0.0159
13 |  0.108  0.083  0.059  0.046 |  0.94   0.0084  -0.0176
14 |  0.127  0.077  0.058  0.047 |  1.09   0.0061  -0.0417
rms 1-3 |  0.082  0.073  0.068  0.060 |  0.33   0.0335   0.0400
rms 4-9 |  0.104  0.074  0.067  0.055 |  0.66   0.0163   0.0060
rms 10-14 |  0.109  0.079  0.060  0.053 |  0.80   0.0118  -0.0081

### own
 l | n=64   n=96   n=128  n=160  |     p  eps(1024) floor(1024)
 0 |  0.014  0.021  0.028  0.035 | -0.99   0.2161   0.0538
 1 |  0.037  0.033  0.033  0.031 |  0.17   0.0227   0.0258
 2 |  0.039  0.032  0.031  0.027 |  0.37   0.0138   0.0160
 3 |  0.042  0.034  0.030  0.025 |  0.57   0.0089   0.0078
 4 |  0.041  0.030  0.030  0.024 |  0.52   0.0094   0.0085
 5 |  0.040  0.029  0.028  0.024 |  0.53   0.0090   0.0076
 6 |  0.049  0.030  0.026  0.022 |  0.87   0.0042  -0.0080
 7 |  0.044  0.027  0.024  0.018 |  0.94   0.0032  -0.0090
 8 |  0.039  0.027  0.023  0.018 |  0.83   0.0039  -0.0041
 9 |  0.032  0.022  0.021  0.018 |  0.61   0.0057   0.0033
10 |  0.024  0.023  0.019  0.020 |  0.26   0.0119   0.0140
11 |  0.030  0.025  0.019  0.022 |  0.42   0.0089   0.0096
12 |  0.019  0.024  0.018  0.018 |  0.10   0.0157   0.0176
13 |  0.020  0.022  0.016  0.015 |  0.34   0.0084   0.0106
14 |  0.023  0.024  0.015  0.013 |  0.72   0.0035   0.0018
rms 1-3 |  0.039  0.033  0.031  0.028 |  0.36   0.0143   0.0166
rms 4-9 |  0.041  0.027  0.025  0.021 |  0.71   0.0055  -0.0003
rms 10-14 |  0.023  0.024  0.017  0.018 |  0.36   0.0089   0.0108

### ensD
 l | n=64   n=96   n=128  n=160  |     p  eps(1024) floor(1024)
 0 |  0.014  0.021  0.028  0.035 | -0.98   0.2158   0.0538
 1 |  0.037  0.033  0.033  0.031 |  0.17   0.0226   0.0256
 2 |  0.039  0.033  0.031  0.027 |  0.38   0.0136   0.0157
 3 |  0.043  0.034  0.030  0.025 |  0.57   0.0088   0.0075
 4 |  0.041  0.030  0.030  0.024 |  0.52   0.0095   0.0087
 5 |  0.041  0.030  0.028  0.024 |  0.54   0.0089   0.0073
 6 |  0.050  0.030  0.026  0.022 |  0.88   0.0041  -0.0087
 7 |  0.045  0.028  0.024  0.018 |  0.96   0.0031  -0.0101
 8 |  0.041  0.027  0.023  0.018 |  0.87   0.0036  -0.0059
 9 |  0.034  0.023  0.022  0.018 |  0.65   0.0054   0.0018
10 |  0.027  0.024  0.019  0.020 |  0.37   0.0097   0.0111
11 |  0.031  0.026  0.020  0.022 |  0.45   0.0087   0.0089
12 |  0.022  0.025  0.019  0.018 |  0.23   0.0124   0.0151
13 |  0.025  0.023  0.016  0.016 |  0.57   0.0053   0.0049
14 |  0.027  0.025  0.015  0.013 |  0.85   0.0028  -0.0018
rms 1-3 |  0.040  0.033  0.031  0.028 |  0.37   0.0141   0.0164
rms 4-9 |  0.042  0.028  0.026  0.021 |  0.73   0.0054  -0.0011
rms 10-14 |  0.027  0.025  0.018  0.018 |  0.48   0.0073   0.0079

### ens
 l | n=64   n=96   n=128  n=160  |     p  eps(1024) floor(1024)
 0 |  0.014  0.021  0.028  0.035 | -0.99   0.2159   0.0538
 1 |  0.037  0.033  0.033  0.031 |  0.17   0.0226   0.0256
 2 |  0.039  0.033  0.031  0.027 |  0.38   0.0136   0.0157
 3 |  0.043  0.034  0.030  0.025 |  0.57   0.0088   0.0075
 4 |  0.041  0.030  0.030  0.024 |  0.52   0.0095   0.0087
 5 |  0.041  0.030  0.028  0.024 |  0.54   0.0089   0.0074
 6 |  0.049  0.030  0.026  0.022 |  0.87   0.0042  -0.0085
 7 |  0.045  0.028  0.024  0.018 |  0.96   0.0031  -0.0101
 8 |  0.040  0.027  0.023  0.018 |  0.85   0.0038  -0.0049
 9 |  0.034  0.023  0.022  0.018 |  0.65   0.0053   0.0019
10 |  0.026  0.024  0.019  0.020 |  0.33   0.0105   0.0123
11 |  0.032  0.025  0.019  0.022 |  0.48   0.0082   0.0080
12 |  0.021  0.025  0.019  0.018 |  0.21   0.0129   0.0156
13 |  0.025  0.023  0.016  0.016 |  0.56   0.0055   0.0051
14 |  0.027  0.025  0.015  0.013 |  0.85   0.0028  -0.0018
rms 1-3 |  0.040  0.033  0.031  0.028 |  0.37   0.0141   0.0164
rms 4-9 |  0.042  0.028  0.026  0.021 |  0.73   0.0054  -0.0008
rms 10-14 |  0.026  0.024  0.018  0.018 |  0.47   0.0073   0.0080

### ensR
 l | n=64   n=96   n=128  n=160  |     p  eps(1024) floor(1024)
 0 |  0.023  0.033  0.045  0.056 | -1.00   0.3551   0.0870
 1 |  0.072  0.065  0.062  0.060 |  0.20   0.0409   0.0470
 2 |  0.082  0.075  0.070  0.061 |  0.31   0.0353   0.0426
 3 |  0.087  0.076  0.069  0.059 |  0.40   0.0291   0.0343
 4 |  0.089  0.069  0.069  0.058 |  0.42   0.0270   0.0299
 5 |  0.084  0.065  0.064  0.057 |  0.39   0.0276   0.0304
 6 |  0.100  0.065  0.059  0.052 |  0.70   0.0135  -0.0013
 7 |  0.089  0.058  0.057  0.043 |  0.73   0.0114  -0.0013
 8 |  0.073  0.057  0.053  0.043 |  0.56   0.0156   0.0138
 9 |  0.067  0.048  0.049  0.040 |  0.51   0.0156   0.0144
10 |  0.050  0.050  0.043  0.045 |  0.15   0.0331   0.0374
11 |  0.055  0.050  0.041  0.050 |  0.18   0.0327   0.0367
12 |  0.043  0.049  0.039  0.044 |  0.05   0.0385   0.0408
13 |  0.041  0.046  0.036  0.036 |  0.18   0.0266   0.0312
14 |  0.047  0.047  0.033  0.030 |  0.54   0.0113   0.0120
rms 1-3 |  0.080  0.072  0.067  0.060 |  0.31   0.0344   0.0411
rms 4-9 |  0.084  0.061  0.059  0.049 |  0.55   0.0179   0.0145
rms 10-14 |  0.048  0.048  0.039  0.042 |  0.20   0.0277   0.0322

### ensRD
 l | n=64   n=96   n=128  n=160  |     p  eps(1024) floor(1024)
 0 |  0.023  0.033  0.045  0.056 | -1.00   0.3549   0.0870
 1 |  0.072  0.065  0.062  0.060 |  0.20   0.0408   0.0468
 2 |  0.082  0.075  0.070  0.061 |  0.31   0.0355   0.0429
 3 |  0.087  0.076  0.069  0.059 |  0.40   0.0292   0.0345
 4 |  0.089  0.069  0.069  0.058 |  0.42   0.0268   0.0295
 5 |  0.084  0.065  0.065  0.057 |  0.39   0.0275   0.0302
 6 |  0.100  0.065  0.059  0.052 |  0.70   0.0135  -0.0013
 7 |  0.090  0.059  0.058  0.043 |  0.73   0.0114  -0.0016
 8 |  0.074  0.057  0.053  0.043 |  0.56   0.0155   0.0134
 9 |  0.067  0.049  0.049  0.040 |  0.51   0.0157   0.0146
10 |  0.051  0.050  0.043  0.045 |  0.17   0.0322   0.0367
11 |  0.056  0.050  0.042  0.051 |  0.18   0.0331   0.0372
12 |  0.044  0.048  0.039  0.044 |  0.07   0.0375   0.0402
13 |  0.041  0.046  0.036  0.037 |  0.18   0.0266   0.0312
14 |  0.048  0.048  0.033  0.030 |  0.56   0.0110   0.0114
rms 1-3 |  0.080  0.072  0.067  0.060 |  0.31   0.0345   0.0412
rms 4-9 |  0.085  0.061  0.059  0.049 |  0.55   0.0178   0.0143
rms 10-14 |  0.048  0.049  0.039  0.042 |  0.21   0.0274   0.0320

## eps_rep on the MLP seeds with a pair at every width: [770100]; band rms of the per-seed mean, fit n^-p, value at 1024
  wick 1-3 |  0.104  0.101  0.085  0.072 |  0.40   0.0358   0.0441
  wick 4-9 |  0.152  0.095  0.078  0.071 |  0.84   0.0141  -0.0219
  wick 10-14 |  0.177  0.055  0.069  0.047 |  1.29   0.0040  -0.0943
   leg 1-3 |  0.044  0.037  0.032  0.023 |  0.63   0.0079   0.0065
   leg 4-9 |  0.082  0.047  0.036  0.029 |  1.14   0.0034  -0.0306
   leg 10-14 |  0.115  0.056  0.045  0.023 |  1.64   0.0012  -0.0703
  legR 1-3 |  0.081  0.077  0.065  0.052 |  0.46   0.0241   0.0292
  legR 4-9 |  0.117  0.069  0.054  0.052 |  0.90   0.0089  -0.0249
  legR 10-14 |  0.148  0.061  0.056  0.033 |  1.53   0.0020  -0.0886
   own 1-3 |  0.037  0.034  0.031  0.022 |  0.51   0.0096   0.0115
   own 4-9 |  0.057  0.023  0.019  0.018 |  1.28   0.0014  -0.0297
   own 10-14 |  0.060  0.011  0.017  0.012 |  1.60   0.0005  -0.0435
  ensD 1-3 |  0.038  0.034  0.031  0.022 |  0.51   0.0096   0.0114
  ensD 4-9 |  0.060  0.024  0.019  0.018 |  1.30   0.0014  -0.0316
  ensD 10-14 |  0.067  0.012  0.016  0.012 |  1.73   0.0004  -0.0529
   ens 1-3 |  0.037  0.034  0.031  0.022 |  0.51   0.0097   0.0117
   ens 4-9 |  0.059  0.024  0.019  0.018 |  1.32   0.0013  -0.0321
   ens 10-14 |  0.067  0.012  0.016  0.012 |  1.72   0.0004  -0.0525
  ensR 1-3 |  0.078  0.076  0.065  0.052 |  0.43   0.0251   0.0313
  ensR 4-9 |  0.110  0.057  0.045  0.045 |  1.01   0.0060  -0.0353
  ensR 10-14 |  0.127  0.022  0.034  0.026 |  1.55   0.0012  -0.0917
 ensRD 1-3 |  0.079  0.076  0.065  0.052 |  0.44   0.0248   0.0306
 ensRD 4-9 |  0.111  0.057  0.045  0.045 |  1.02   0.0059  -0.0365
 ensRD 10-14 |  0.127  0.023  0.034  0.026 |  1.56   0.0012  -0.0926

## ensemble coefficients (tensor fit) per width, and c(n) = c_inf + a/sqrt(n) evaluated at n = 1024

### B0 k3z
 l | n=64   n=96   n=128  n=160  | c(1024)  c_inf  (across-MLP sd at each width)
 0 |  +1.00  +1.00  +1.00  +1.00 |  +1.00  +1.00  (0.01 0.00 0.00 0.00)
 1 |  +1.00  +1.00  +1.00  +1.00 |  +1.00  +0.99  (0.00 0.00 0.00 0.00)
 2 |  +0.99  +0.99  +1.00  +1.00 |  +1.00  +1.00  (0.00 0.00 0.00 0.00)
 3 |  +0.99  +0.99  +0.99  +1.00 |  +1.00  +1.01  (0.00 0.00 0.00 0.00)
 4 |  +0.99  +0.99  +1.00  +1.00 |  +1.01  +1.01  (0.01 0.00 0.00 0.00)
 5 |  +0.98  +0.99  +1.00  +1.00 |  +1.02  +1.03  (0.01 0.00 0.00 0.00)
 6 |  +0.98  +0.99  +1.00  +1.00 |  +1.02  +1.03  (0.01 0.01 0.00 0.00)
 7 |  +0.99  +0.99  +1.00  +1.00 |  +1.01  +1.01  (0.01 0.00 0.01 0.00)
 8 |  +0.99  +1.00  +1.00  +1.00 |  +1.01  +1.02  (0.00 0.00 0.00 0.00)
 9 |  +1.00  +1.00  +1.00  +1.00 |  +1.00  +1.01  (0.02 0.01 0.00 0.00)
10 |  +1.00  +1.00  +1.00  +1.00 |  +1.00  +1.00  (0.01 0.00 0.00 0.01)
11 |  +1.00  +1.00  +1.00  +1.00 |  +1.00  +1.01  (0.02 0.01 0.00 0.00)
12 |  +1.00  +1.00  +1.00  +1.00 |  +1.00  +1.00  (0.00 0.01 0.00 0.00)
13 |  +1.00  +1.00  +1.00  +1.00 |  +1.00  +1.00  (0.02 0.01 0.00 0.00)
14 |  +1.00  +1.00  +1.00  +1.00 |  +1.01  +1.01  (0.01 0.00 0.00 0.00)

### B1 D21+C
 l | n=64   n=96   n=128  n=160  | c(1024)  c_inf  (across-MLP sd at each width)
 0 |  +2.98  +3.02  +3.03  +3.03 |  +3.09  +3.12  (0.13 0.06 0.05 0.06)
 1 |  +3.03  +3.01  +3.00  +2.99 |  +2.95  +2.93  (0.04 0.02 0.03 0.04)
 2 |  +2.98  +2.99  +3.00  +3.03 |  +3.06  +3.08  (0.11 0.02 0.04 0.03)
 3 |  +2.84  +3.01  +2.98  +3.02 |  +3.20  +3.31  (0.14 0.06 0.06 0.03)
 4 |  +2.97  +3.03  +2.99  +2.97 |  +3.00  +3.00  (0.12 0.17 0.09 0.02)
 5 |  +2.78  +2.89  +2.96  +2.97 |  +3.20  +3.33  (0.19 0.10 0.10 0.14)
 6 |  +2.83  +2.71  +2.88  +2.94 |  +3.01  +3.08  (0.25 0.17 0.10 0.04)
 7 |  +2.61  +2.70  +2.79  +2.91 |  +3.17  +3.37  (0.53 0.20 0.18 0.08)
 8 |  +2.45  +2.83  +2.65  +2.73 |  +3.01  +3.17  (0.51 0.44 0.24 0.26)
 9 |  +2.31  +2.50  +2.73  +2.90 |  +3.47  +3.87  (0.62 0.30 0.22 0.11)
10 |  +2.12  +2.56  +2.74  +2.71 |  +3.46  +3.89  (0.66 0.35 0.22 0.23)
11 |  +2.85  +2.57  +2.81  +2.82 |  +2.75  +2.75  (1.02 0.64 0.31 0.11)
12 |  +2.47  +2.50  +2.86  +2.92 |  +3.41  +3.75  (0.75 0.75 0.57 0.07)
13 |  +2.44  +2.67  +2.45  +2.77 |  +2.91  +3.06  (0.84 0.47 0.54 0.60)
14 |  +2.69  +2.67  +2.71  +3.06 |  +3.21  +3.41  (0.64 1.08 0.26 0.62)

### B2 w3D21
 l | n=64   n=96   n=128  n=160  | c(1024)  c_inf  (across-MLP sd at each width)
 0 |  +8.25 -14.94 +11.28 -16.34 | -23.82 -33.50  (58.37 66.66 24.42 51.03)
 1 |  +3.02  +3.05  +3.04  +3.04 |  +3.06  +3.06  (0.09 0.05 0.04 0.02)
 2 |  +2.81  +2.93  +2.97  +2.98 |  +3.18  +3.30  (0.06 0.11 0.04 0.05)
 3 |  +2.66  +2.80  +2.87  +2.82 |  +3.07  +3.20  (0.12 0.10 0.04 0.08)
 4 |  +2.58  +2.57  +2.74  +2.73 |  +2.93  +3.05  (0.07 0.17 0.07 0.08)
 5 |  +2.44  +2.55  +2.66  +2.65 |  +2.91  +3.07  (0.08 0.12 0.09 0.07)
 6 |  +2.40  +2.53  +2.61  +2.67 |  +2.94  +3.12  (0.09 0.06 0.10 0.08)
 7 |  +2.48  +2.47  +2.58  +2.63 |  +2.77  +2.88  (0.06 0.12 0.06 0.04)
 8 |  +2.34  +2.51  +2.58  +2.60 |  +2.90  +3.09  (0.08 0.08 0.05 0.07)
 9 |  +2.43  +2.50  +2.56  +2.66 |  +2.85  +2.99  (0.07 0.06 0.07 0.02)
10 |  +2.38  +2.46  +2.52  +2.58 |  +2.78  +2.91  (0.12 0.08 0.07 0.09)
11 |  +2.41  +2.47  +2.51  +2.61 |  +2.77  +2.90  (0.07 0.08 0.06 0.05)
12 |  +2.43  +2.49  +2.45  +2.59 |  +2.67  +2.75  (0.07 0.08 0.08 0.08)
13 |  +2.38  +2.47  +2.46  +2.54 |  +2.67  +2.76  (0.12 0.16 0.08 0.03)
14 |  +2.34  +2.46  +2.48  +2.55 |  +2.75  +2.88  (0.12 0.07 0.05 0.03)

### B3 D3
 l | n=64   n=96   n=128  n=160  | c(1024)  c_inf  (across-MLP sd at each width)
 0 | -24.15 +24.41  -4.44 +27.16 | +64.32 +91.49  (40.61 86.47 59.78 71.32)
 1 |  +0.43  +0.44  +0.41  +0.42 |  +0.39  +0.37  (0.08 0.06 0.03 0.02)
 2 |  +0.24  +0.33  +0.38  +0.38 |  +0.56  +0.66  (0.08 0.04 0.05 0.05)
 3 |  +0.14  +0.18  +0.30  +0.25 |  +0.42  +0.51  (0.05 0.13 0.06 0.06)
 4 |  +0.12  +0.03  +0.11  +0.09 |  +0.07  +0.06  (0.10 0.12 0.13 0.11)
 5 |  -0.02  +0.00  +0.04  +0.05 |  +0.13  +0.18  (0.09 0.07 0.14 0.05)
 6 |  -0.12  -0.07  -0.03  +0.01 |  +0.13  +0.21  (0.10 0.03 0.12 0.02)
 7 |  -0.10  -0.11  -0.07  -0.07 |  -0.04  -0.01  (0.07 0.05 0.09 0.02)
 8 |  -0.09  -0.12  -0.06  -0.05 |  -0.01  +0.02  (0.12 0.02 0.06 0.04)
 9 |  -0.14  -0.12  -0.07  -0.09 |  -0.01  +0.03  (0.08 0.07 0.08 0.08)
10 |  -0.14  -0.10  -0.08  -0.05 |  +0.04  +0.11  (0.10 0.03 0.06 0.10)
11 |  -0.17  -0.14  -0.06  -0.02 |  +0.12  +0.22  (0.05 0.04 0.08 0.12)
12 |  -0.14  -0.14  -0.10  -0.05 |  +0.01  +0.07  (0.05 0.05 0.06 0.01)
13 |  -0.13  -0.11  -0.08  -0.03 |  +0.05  +0.11  (0.14 0.12 0.06 0.05)
14 |  -0.17  -0.11  -0.09  -0.07 |  +0.03  +0.10  (0.14 0.11 0.06 0.03)

### B4 rho3
 l | n=64   n=96   n=128  n=160  | c(1024)  c_inf  (across-MLP sd at each width)
 0 |  +0.93  +0.95  +0.96  +0.97 |  +1.01  +1.03  (0.01 0.01 0.01 0.01)
 1 |  +0.98  +0.97  +0.98  +0.98 |  +0.97  +0.97  (0.08 0.05 0.03 0.01)
 2 |  +0.81  +0.87  +0.91  +0.92 |  +1.04  +1.11  (0.09 0.06 0.05 0.01)
 3 |  +0.61  +0.80  +0.81  +0.82 |  +1.07  +1.22  (0.11 0.13 0.03 0.05)
 4 |  +0.58  +0.58  +0.78  +0.69 |  +0.89  +1.00  (0.19 0.17 0.12 0.12)
 5 |  +0.49  +0.56  +0.66  +0.56 |  +0.73  +0.81  (0.16 0.06 0.09 0.09)
 6 |  +0.52  +0.46  +0.59  +0.59 |  +0.67  +0.72  (0.24 0.09 0.09 0.04)
 7 |  +0.45  +0.43  +0.54  +0.52 |  +0.62  +0.68  (0.20 0.09 0.12 0.06)
 8 |  +0.36  +0.44  +0.44  +0.47 |  +0.59  +0.67  (0.21 0.16 0.08 0.09)
 9 |  +0.25  +0.34  +0.44  +0.51 |  +0.76  +0.93  (0.22 0.24 0.12 0.11)
10 |  +0.32  +0.24  +0.37  +0.41 |  +0.48  +0.55  (0.31 0.22 0.12 0.12)
11 |  +0.21  +0.35  +0.38  +0.50 |  +0.75  +0.93  (0.25 0.31 0.12 0.01)
12 |  -0.01  +0.18  +0.41  +0.44 |  +0.96  +1.29  (0.29 0.20 0.15 0.07)
13 |  -0.13  +0.22  +0.32  +0.43 |  +1.02  +1.40  (0.43 0.24 0.14 0.05)
14 |  -0.31  +0.59  +0.32  +0.48 |  +1.33  +1.82  (0.22 0.43 0.12 0.13)

### B5 K22
 l | n=64   n=96   n=128  n=160  | c(1024)  c_inf  (across-MLP sd at each width)
 0 | -21.81 +15.16 +21.28 +13.58 | +63.80 +90.12  (46.38 45.61 22.00 19.73)
 1 |  +1.36  +1.41  +1.40  +1.39 |  +1.43  +1.45  (0.10 0.08 0.05 0.07)
 2 |  +1.17  +1.20  +1.27  +1.34 |  +1.49  +1.60  (0.15 0.08 0.09 0.05)
 3 |  +0.83  +1.12  +1.18  +1.28 |  +1.74  +2.04  (0.17 0.12 0.07 0.05)
 4 |  +0.90  +1.09  +1.10  +1.20 |  +1.48  +1.67  (0.05 0.18 0.12 0.01)
 5 |  +0.64  +0.89  +1.01  +1.15 |  +1.65  +1.99  (0.18 0.10 0.14 0.17)
 6 |  +0.49  +0.66  +0.82  +1.06 |  +1.55  +1.92  (0.18 0.19 0.14 0.08)
 7 |  +0.43  +0.53  +0.69  +0.97 |  +1.38  +1.72  (0.48 0.15 0.18 0.08)
 8 |  +0.30  +0.55  +0.62  +0.68 |  +1.09  +1.34  (0.47 0.05 0.23 0.22)
 9 |  +0.29  +0.34  +0.62  +0.84 |  +1.30  +1.67  (0.41 0.19 0.23 0.06)
10 |  +0.03  +0.41  +0.52  +0.67 |  +1.32  +1.74  (0.49 0.15 0.22 0.20)
11 |  +0.59  +0.22  +0.57  +0.66 |  +0.65  +0.71  (0.59 0.18 0.30 0.40)
12 |  +0.46  +0.38  +0.63  +0.71 |  +0.93  +1.11  (0.46 0.43 0.48 0.16)
13 |  +0.63  +0.54  +0.25  +0.51 |  +0.15  -0.01  (0.31 0.50 0.39 0.53)
14 |  +1.05  +0.14  +0.36  +0.60 |  -0.19  -0.53  (0.60 0.54 0.26 0.52)

### B6 K211
 l | n=64   n=96   n=128  n=160  | c(1024)  c_inf  (across-MLP sd at each width)
 0 |  +1.45  +1.47  +1.48  +1.48 |  +1.51  +1.53  (0.00 0.00 0.00 0.00)
 1 |  +1.40  +1.43  +1.45  +1.45 |  +1.51  +1.54  (0.02 0.01 0.01 0.00)
 2 |  +1.32  +1.37  +1.39  +1.40 |  +1.50  +1.56  (0.03 0.03 0.01 0.01)
 3 |  +1.23  +1.30  +1.34  +1.36 |  +1.51  +1.60  (0.03 0.05 0.01 0.01)
 4 |  +1.21  +1.25  +1.30  +1.31 |  +1.43  +1.50  (0.03 0.05 0.03 0.03)
 5 |  +1.14  +1.21  +1.26  +1.27 |  +1.42  +1.51  (0.04 0.03 0.03 0.02)
 6 |  +1.09  +1.18  +1.22  +1.25 |  +1.42  +1.52  (0.05 0.03 0.03 0.01)
 7 |  +1.12  +1.11  +1.21  +1.25 |  +1.38  +1.48  (0.05 0.07 0.02 0.02)
 8 |  +1.06  +1.14  +1.19  +1.20 |  +1.36  +1.46  (0.05 0.05 0.04 0.04)
 9 |  +1.07  +1.13  +1.19  +1.23 |  +1.38  +1.49  (0.03 0.02 0.03 0.03)
10 |  +1.01  +1.10  +1.14  +1.20 |  +1.38  +1.50  (0.08 0.03 0.03 0.04)
11 |  +1.02  +1.09  +1.15  +1.19 |  +1.36  +1.47  (0.06 0.03 0.02 0.02)
12 |  +1.03  +1.10  +1.14  +1.21 |  +1.37  +1.48  (0.05 0.03 0.04 0.01)
13 |  +1.03  +1.11  +1.11  +1.16 |  +1.28  +1.36  (0.08 0.03 0.04 0.02)
14 |  +1.06  +1.13  +1.14  +1.20 |  +1.32  +1.41  (0.07 0.03 0.05 0.03)

## ensemble coefficients (D21 fit) per width, and c(n) = c_inf + a/sqrt(n) evaluated at n = 1024

### B0 k3z
 l | n=64   n=96   n=128  n=160  | c(1024)  c_inf  (across-MLP sd at each width)
 0 |  +1.01  +1.00  +1.00  +1.00 |  +0.99  +0.99  (0.03 0.01 0.01 0.01)
 1 |  +1.00  +1.00  +1.00  +1.00 |  +1.00  +1.00  (0.00 0.00 0.00 0.00)
 2 |  +0.99  +0.99  +0.99  +1.00 |  +1.00  +1.01  (0.00 0.00 0.00 0.00)
 3 |  +0.99  +0.99  +0.99  +0.99 |  +1.00  +1.00  (0.00 0.00 0.00 0.00)
 4 |  +0.99  +0.99  +1.00  +1.00 |  +1.01  +1.01  (0.01 0.00 0.01 0.00)
 5 |  +0.98  +0.99  +1.00  +1.00 |  +1.02  +1.04  (0.01 0.01 0.00 0.00)
 6 |  +0.98  +0.99  +1.00  +1.00 |  +1.02  +1.04  (0.01 0.00 0.00 0.00)
 7 |  +0.99  +1.00  +1.00  +1.00 |  +1.01  +1.01  (0.02 0.01 0.01 0.00)
 8 |  +0.98  +1.00  +1.00  +1.00 |  +1.03  +1.04  (0.01 0.01 0.00 0.00)
 9 |  +1.00  +1.00  +1.00  +1.00 |  +1.00  +1.00  (0.02 0.01 0.00 0.00)
10 |  +1.00  +0.99  +1.00  +1.00 |  +1.00  +1.01  (0.01 0.01 0.01 0.00)
11 |  +0.99  +1.00  +1.00  +1.00 |  +1.01  +1.01  (0.02 0.01 0.00 0.00)
12 |  +1.00  +0.99  +1.00  +1.00 |  +0.99  +0.99  (0.01 0.01 0.00 0.00)
13 |  +1.00  +1.00  +1.00  +1.00 |  +1.00  +1.00  (0.03 0.01 0.00 0.00)
14 |  +1.00  +1.00  +1.00  +1.00 |  +1.01  +1.01  (0.01 0.01 0.00 0.00)

### B1 D21+C
 l | n=64   n=96   n=128  n=160  | c(1024)  c_inf  (across-MLP sd at each width)
 0 |  +2.74  +2.99  +2.90  +3.01 |  +3.26  +3.42  (0.75 0.39 0.11 0.25)
 1 |  +3.02  +3.02  +2.98  +2.98 |  +2.94  +2.91  (0.09 0.08 0.05 0.01)
 2 |  +2.91  +2.97  +3.03  +3.05 |  +3.21  +3.31  (0.22 0.08 0.08 0.03)
 3 |  +2.76  +2.98  +2.97  +3.03 |  +3.31  +3.49  (0.23 0.07 0.11 0.17)
 4 |  +2.95  +2.98  +3.04  +3.02 |  +3.13  +3.19  (0.26 0.08 0.19 0.13)
 5 |  +2.71  +2.90  +2.91  +3.01 |  +3.29  +3.49  (0.15 0.16 0.17 0.15)
 6 |  +2.88  +2.74  +2.86  +3.02 |  +3.04  +3.12  (0.26 0.21 0.22 0.20)
 7 |  +2.78  +2.63  +2.77  +2.96 |  +3.01  +3.12  (0.39 0.20 0.23 0.27)
 8 |  +2.30  +2.87  +2.55  +2.79 |  +3.20  +3.46  (0.73 0.47 0.52 0.14)
 9 |  +2.22  +2.43  +2.73  +3.08 |  +3.82  +4.38  (0.69 0.40 0.25 0.35)
10 |  +1.84  +2.06  +2.69  +2.64 |  +3.65  +4.27  (1.09 0.72 0.22 0.34)
11 |  +3.08  +2.36  +2.97  +2.86 |  +2.65  +2.57  (1.04 0.57 0.39 0.25)
12 |  +3.64  +2.49  +3.05  +3.27 |  +2.59  +2.35  (1.27 0.76 0.49 0.29)
13 |  +2.93  +2.73  +2.30  +2.78 |  +2.20  +1.97  (0.60 0.66 0.71 0.60)
14 |  +2.95  +2.80  +2.71  +2.78 |  +2.51  +2.37  (1.16 1.21 0.40 0.60)

### B2 w3D21
 l | n=64   n=96   n=128  n=160  | c(1024)  c_inf  (across-MLP sd at each width)
 0 |  +8.55 -35.09 +50.32 +102.45 | +167.70 +230.85  (255.28 298.00 150.17 213.99)
 1 |  +3.06  +3.05  +3.09  +3.04 |  +3.05  +3.04  (0.18 0.03 0.10 0.02)
 2 |  +2.82  +2.93  +2.97  +3.01 |  +3.21  +3.34  (0.07 0.10 0.09 0.07)
 3 |  +2.68  +2.80  +2.86  +2.84 |  +3.05  +3.16  (0.16 0.08 0.09 0.07)
 4 |  +2.62  +2.57  +2.75  +2.71 |  +2.85  +2.93  (0.13 0.17 0.09 0.09)
 5 |  +2.42  +2.55  +2.63  +2.71 |  +2.99  +3.18  (0.06 0.17 0.07 0.05)
 6 |  +2.37  +2.53  +2.64  +2.74 |  +3.10  +3.34  (0.19 0.10 0.12 0.08)
 7 |  +2.48  +2.48  +2.63  +2.61 |  +2.77  +2.88  (0.08 0.13 0.08 0.07)
 8 |  +2.18  +2.57  +2.60  +2.61 |  +3.13  +3.43  (0.24 0.09 0.05 0.07)
 9 |  +2.46  +2.49  +2.55  +2.65 |  +2.79  +2.91  (0.08 0.03 0.13 0.03)
10 |  +2.42  +2.46  +2.53  +2.59 |  +2.74  +2.85  (0.11 0.08 0.10 0.09)
11 |  +2.41  +2.46  +2.51  +2.60 |  +2.75  +2.87  (0.15 0.08 0.07 0.03)
12 |  +2.48  +2.47  +2.44  +2.58 |  +2.58  +2.63  (0.11 0.11 0.08 0.07)
13 |  +2.36  +2.43  +2.40  +2.59 |  +2.70  +2.82  (0.14 0.14 0.09 0.09)
14 |  +2.33  +2.46  +2.48  +2.58 |  +2.81  +2.97  (0.12 0.06 0.09 0.07)

### B3 D3
 l | n=64   n=96   n=128  n=160  | c(1024)  c_inf  (across-MLP sd at each width)
 0 | -135.09 +16.50  +9.42 +301.48 | +583.78 +832.25  (211.97 324.39 322.51 312.01)
 1 |  +0.44  +0.41  +0.43  +0.43 |  +0.42  +0.42  (0.10 0.11 0.06 0.02)
 2 |  +0.29  +0.31  +0.39  +0.43 |  +0.57  +0.66  (0.09 0.03 0.05 0.09)
 3 |  +0.09  +0.20  +0.28  +0.27 |  +0.51  +0.64  (0.10 0.09 0.13 0.08)
 4 |  +0.10  +0.07  +0.13  +0.09 |  +0.11  +0.11  (0.10 0.08 0.12 0.10)
 5 |  -0.01  -0.03  -0.00  +0.10 |  +0.14  +0.20  (0.13 0.08 0.15 0.04)
 6 |  -0.09  -0.07  +0.01  +0.01 |  +0.12  +0.19  (0.13 0.05 0.13 0.07)
 7 |  -0.10  -0.12  -0.08  -0.09 |  -0.08  -0.06  (0.12 0.09 0.10 0.10)
 8 |  -0.13  -0.10  -0.05  -0.07 |  +0.01  +0.06  (0.15 0.02 0.06 0.05)
 9 |  -0.13  -0.16  -0.07  -0.07 |  +0.01  +0.06  (0.14 0.10 0.11 0.08)
10 |  -0.12  -0.10  -0.06  -0.01 |  +0.08  +0.15  (0.15 0.04 0.09 0.08)
11 |  -0.17  -0.13  -0.08  -0.02 |  +0.12  +0.22  (0.05 0.04 0.10 0.08)
12 |  -0.13  -0.17  -0.10  -0.06 |  -0.02  +0.03  (0.07 0.06 0.07 0.02)
13 |  -0.12  -0.10  -0.08  -0.04 |  +0.02  +0.07  (0.16 0.11 0.07 0.06)
14 |  -0.16  -0.12  -0.08  -0.07 |  +0.03  +0.10  (0.16 0.14 0.05 0.04)

### B4 rho3
 l | n=64   n=96   n=128  n=160  | c(1024)  c_inf  (across-MLP sd at each width)
 0 |  +0.93  +0.94  +0.99  +0.98 |  +1.05  +1.09  (0.01 0.03 0.04 0.06)
 1 |  +0.98  +0.99  +0.96  +0.99 |  +0.97  +0.97  (0.10 0.10 0.04 0.01)
 2 |  +0.84  +0.86  +0.95  +0.94 |  +1.06  +1.13  (0.15 0.07 0.09 0.04)
 3 |  +0.67  +0.80  +0.80  +0.81 |  +0.97  +1.07  (0.13 0.11 0.04 0.05)
 4 |  +0.55  +0.60  +0.80  +0.69 |  +0.95  +1.08  (0.24 0.18 0.17 0.16)
 5 |  +0.51  +0.62  +0.67  +0.64 |  +0.81  +0.91  (0.17 0.13 0.10 0.16)
 6 |  +0.54  +0.48  +0.58  +0.56 |  +0.61  +0.64  (0.31 0.10 0.11 0.09)
 7 |  +0.39  +0.51  +0.53  +0.53 |  +0.71  +0.81  (0.38 0.05 0.15 0.04)
 8 |  +0.43  +0.43  +0.45  +0.42 |  +0.44  +0.44  (0.28 0.28 0.17 0.09)
 9 |  +0.25  +0.26  +0.45  +0.52 |  +0.80  +0.99  (0.29 0.36 0.13 0.07)
10 |  +0.18  +0.20  +0.35  +0.43 |  +0.66  +0.83  (0.44 0.30 0.05 0.13)
11 |  +0.05  +0.46  +0.38  +0.56 |  +1.03  +1.35  (0.24 0.40 0.21 0.03)
12 |  +0.24  +0.29  +0.41  +0.38 |  +0.58  +0.69  (0.32 0.19 0.12 0.08)
13 |  -0.25  +0.22  +0.31  +0.37 |  +1.09  +1.51  (0.45 0.23 0.14 0.11)
14 |  -0.31  +0.39  +0.29  +0.39 |  +1.18  +1.63  (0.42 0.68 0.12 0.13)

### B5 K22
 l | n=64   n=96   n=128  n=160  | c(1024)  c_inf  (across-MLP sd at each width)
 0 | -55.09 -104.55  +5.68 -42.24 |  +9.78 +37.06  (222.72 199.53 163.23 32.22)
 1 |  +1.37  +1.41  +1.42  +1.35 |  +1.38  +1.37  (0.24 0.17 0.07 0.14)
 2 |  +1.07  +1.29  +1.31  +1.33 |  +1.64  +1.82  (0.36 0.16 0.15 0.17)
 3 |  +0.61  +1.08  +1.16  +1.29 |  +2.02  +2.48  (0.39 0.21 0.19 0.12)
 4 |  +0.98  +1.08  +1.16  +1.31 |  +1.57  +1.77  (0.23 0.27 0.32 0.12)
 5 |  +0.70  +0.85  +1.06  +1.01 |  +1.42  +1.67  (0.44 0.20 0.20 0.15)
 6 |  +0.57  +0.67  +0.91  +0.95 |  +1.37  +1.65  (0.43 0.11 0.19 0.13)
 7 |  +0.80  +0.37  +0.66  +0.98 |  +0.90  +1.00  (0.15 0.34 0.15 0.07)
 8 |  +0.16  +0.71  +0.51  +0.85 |  +1.41  +1.81  (0.66 0.27 0.38 0.21)
 9 |  +0.45  +0.44  +0.74  +1.03 |  +1.47  +1.85  (0.55 0.26 0.27 0.04)
10 |  -0.10  -0.10  +0.71  +0.75 |  +1.72  +2.37  (0.72 0.58 0.31 0.30)
11 |  +0.97  -0.05  +0.53  +0.56 |  -0.00  -0.24  (0.71 0.28 0.40 0.64)
12 |  +0.67  +0.09  +0.92  +0.90 |  +1.16  +1.40  (0.57 0.41 0.71 0.29)
13 |  +1.22  +0.26  +0.18  +0.74 |  -0.35  -0.79  (0.42 0.54 0.58 0.99)
14 |  +1.23  +0.49  +0.22  +0.32 |  -0.89  -1.56  (0.74 0.77 0.41 0.44)

### B6 K211
 l | n=64   n=96   n=128  n=160  | c(1024)  c_inf  (across-MLP sd at each width)
 0 |  +1.46  +1.46  +1.47  +1.49 |  +1.51  +1.53  (0.03 0.04 0.01 0.02)
 1 |  +1.41  +1.44  +1.44  +1.45 |  +1.49  +1.52  (0.03 0.03 0.02 0.01)
 2 |  +1.31  +1.38  +1.40  +1.40 |  +1.51  +1.57  (0.05 0.02 0.02 0.03)
 3 |  +1.21  +1.32  +1.33  +1.36 |  +1.52  +1.62  (0.05 0.04 0.02 0.02)
 4 |  +1.23  +1.24  +1.29  +1.29 |  +1.36  +1.40  (0.05 0.05 0.04 0.04)
 5 |  +1.16  +1.21  +1.25  +1.27 |  +1.38  +1.45  (0.03 0.05 0.03 0.04)
 6 |  +1.07  +1.15  +1.22  +1.25 |  +1.43  +1.55  (0.06 0.04 0.03 0.02)
 7 |  +1.10  +1.11  +1.22  +1.25 |  +1.41  +1.52  (0.05 0.09 0.02 0.02)
 8 |  +1.05  +1.15  +1.20  +1.20 |  +1.39  +1.51  (0.06 0.09 0.06 0.05)
 9 |  +1.09  +1.14  +1.22  +1.22 |  +1.37  +1.46  (0.06 0.04 0.06 0.05)
10 |  +0.98  +1.08  +1.16  +1.20 |  +1.43  +1.58  (0.08 0.02 0.03 0.05)
11 |  +1.02  +1.10  +1.14  +1.17 |  +1.33  +1.44  (0.06 0.04 0.03 0.05)
12 |  +1.04  +1.09  +1.13  +1.19 |  +1.32  +1.41  (0.05 0.03 0.04 0.03)
13 |  +1.06  +1.07  +1.11  +1.19 |  +1.27  +1.34  (0.08 0.03 0.04 0.03)
14 |  +1.04  +1.17  +1.14  +1.18 |  +1.32  +1.41  (0.09 0.04 0.04 0.04)

## ensemble coefficients (tensor_reg fit) per width, and c(n) = c_inf + a/sqrt(n) evaluated at n = 1024

### B0 k3z
 l | n=64   n=96   n=128  n=160  | c(1024)  c_inf  (across-MLP sd at each width)
 0 |  +1.00  +1.00  +1.00  +1.00 |  +1.00  +1.00  (0.01 0.00 0.00 0.00)
 1 |  +1.02  +1.01  +1.01  +1.01 |  +1.00  +1.00  (0.01 0.01 0.01 0.00)
 2 |  +1.02  +1.02  +1.01  +1.01 |  +1.00  +0.99  (0.01 0.02 0.00 0.00)
 3 |  +1.00  +1.01  +1.01  +1.01 |  +1.02  +1.02  (0.02 0.01 0.01 0.01)
 4 |  +1.00  +1.01  +1.01  +1.01 |  +1.02  +1.02  (0.02 0.02 0.00 0.00)
 5 |  +1.00  +1.01  +1.01  +1.01 |  +1.01  +1.01  (0.02 0.01 0.01 0.01)
 6 |  +0.98  +1.01  +1.00  +1.01 |  +1.04  +1.05  (0.02 0.01 0.01 0.00)
 7 |  +1.01  +0.99  +1.00  +1.00 |  +1.00  +1.00  (0.02 0.01 0.01 0.00)
 8 |  +0.99  +1.00  +1.00  +1.00 |  +1.01  +1.01  (0.02 0.01 0.01 0.01)
 9 |  +1.01  +1.00  +1.00  +1.00 |  +0.99  +0.99  (0.03 0.01 0.00 0.00)
10 |  +1.01  +1.00  +1.00  +1.00 |  +1.00  +0.99  (0.05 0.01 0.01 0.00)
11 |  +0.99  +1.00  +1.00  +1.00 |  +1.01  +1.01  (0.01 0.02 0.01 0.01)
12 |  +1.00  +1.00  +1.00  +1.00 |  +1.00  +1.00  (0.02 0.00 0.00 0.00)
13 |  +1.00  +1.00  +1.00  +1.00 |  +0.99  +0.99  (0.04 0.01 0.01 0.00)
14 |  +1.00  +1.00  +1.00  +1.00 |  +1.00  +1.00  (0.02 0.01 0.00 0.00)

### B1 D21+C
 l | n=64   n=96   n=128  n=160  | c(1024)  c_inf  (across-MLP sd at each width)
 0 |  +3.03  +2.99  +3.04  +3.04 |  +3.05  +3.05  (0.29 0.13 0.10 0.05)
 1 |  +3.02  +3.06  +3.06  +3.03 |  +3.07  +3.08  (0.12 0.06 0.08 0.06)
 2 |  +3.28  +3.16  +3.12  +3.17 |  +3.00  +2.91  (0.18 0.21 0.04 0.05)
 3 |  +2.96  +3.28  +3.12  +3.32 |  +3.59  +3.79  (0.36 0.08 0.08 0.30)
 4 |  +3.16  +3.42  +3.23  +3.23 |  +3.34  +3.37  (0.31 0.36 0.07 0.10)
 5 |  +2.96  +3.38  +3.12  +3.10 |  +3.31  +3.38  (0.24 0.33 0.23 0.08)
 6 |  +2.77  +3.07  +3.31  +3.22 |  +3.85  +4.20  (0.58 0.43 0.40 0.20)
 7 |  +2.97  +3.19  +3.02  +3.20 |  +3.33  +3.44  (0.59 0.41 0.46 0.18)
 8 |  +2.73  +3.21  +3.00  +3.04 |  +3.40  +3.59  (0.59 0.99 0.29 0.15)
 9 |  +2.63  +3.32  +3.13  +3.39 |  +4.11  +4.57  (1.48 0.24 0.49 0.36)
10 |  +2.16  +3.12  +3.33  +3.06 |  +4.41  +5.10  (0.76 0.53 0.75 0.17)
11 |  +1.95  +3.46  +3.31  +3.18 |  +4.83  +5.69  (1.72 0.95 0.50 0.36)
12 |  +2.85  +3.13  +3.47  +3.45 |  +4.20  +4.65  (1.13 0.56 0.76 0.33)
13 |  +2.27  +3.15  +2.89  +2.84 |  +3.60  +3.98  (0.85 0.78 1.02 1.05)
14 |  +3.91  +3.13  +3.16  +3.85 |  +3.16  +3.00  (0.91 0.89 0.73 1.06)

### B2 w3D21
 l | n=64   n=96   n=128  n=160  | c(1024)  c_inf  (across-MLP sd at each width)
 0 | +16.63  -8.84 +11.77  -5.62 | -18.93 -29.33  (147.97 87.65 36.71 86.66)
 1 |  +2.66  +2.77  +2.80  +2.85 |  +3.04  +3.17  (0.23 0.12 0.07 0.02)
 2 |  +2.39  +2.47  +2.60  +2.69 |  +2.98  +3.18  (0.02 0.08 0.06 0.06)
 3 |  +2.09  +2.32  +2.47  +2.50 |  +2.96  +3.25  (0.11 0.21 0.07 0.05)
 4 |  +1.98  +2.20  +2.35  +2.35 |  +2.80  +3.07  (0.21 0.25 0.11 0.08)
 5 |  +1.88  +2.10  +2.19  +2.23 |  +2.62  +2.87  (0.10 0.08 0.05 0.03)
 6 |  +1.83  +2.04  +2.20  +2.21 |  +2.67  +2.94  (0.15 0.12 0.04 0.08)
 7 |  +2.02  +1.91  +2.13  +2.20 |  +2.35  +2.48  (0.17 0.18 0.11 0.09)
 8 |  +1.79  +2.11  +2.11  +2.13 |  +2.54  +2.77  (0.21 0.20 0.13 0.15)
 9 |  +2.11  +2.05  +2.16  +2.21 |  +2.29  +2.36  (0.21 0.08 0.11 0.09)
10 |  +2.00  +2.11  +2.15  +2.11 |  +2.27  +2.36  (0.35 0.13 0.08 0.19)
11 |  +1.93  +2.01  +2.17  +2.15 |  +2.43  +2.61  (0.12 0.15 0.09 0.11)
12 |  +1.89  +2.10  +2.11  +2.14 |  +2.42  +2.58  (0.17 0.15 0.07 0.07)
13 |  +1.95  +2.11  +2.12  +2.11 |  +2.31  +2.42  (0.36 0.11 0.10 0.07)
14 |  +1.97  +2.07  +2.19  +2.34 |  +2.66  +2.90  (0.18 0.10 0.14 0.17)

### B3 D3
 l | n=64   n=96   n=128  n=160  | c(1024)  c_inf  (across-MLP sd at each width)
 0 | -18.98 -60.31 -17.09 -54.43 | -67.72 -81.64  (173.02 110.43 101.82 81.08)
 1 |  +0.65  +0.74  +0.71  +0.75 |  +0.84  +0.90  (0.12 0.08 0.06 0.02)
 2 |  +0.42  +0.48  +0.62  +0.74 |  +1.02  +1.22  (0.14 0.07 0.07 0.07)
 3 |  +0.27  +0.37  +0.45  +0.40 |  +0.59  +0.69  (0.08 0.20 0.10 0.06)
 4 |  +0.25  +0.22  +0.31  +0.30 |  +0.37  +0.41  (0.19 0.09 0.07 0.07)
 5 |  +0.13  +0.17  +0.21  +0.17 |  +0.26  +0.30  (0.07 0.06 0.12 0.10)
 6 |  +0.17  +0.12  +0.12  +0.17 |  +0.12  +0.12  (0.15 0.05 0.11 0.06)
 7 |  +0.18  +0.04  +0.10  +0.12 |  +0.03  -0.01  (0.13 0.10 0.06 0.05)
 8 |  +0.09  +0.05  +0.04  +0.07 |  +0.03  +0.01  (0.12 0.13 0.10 0.08)
 9 |  +0.06  +0.02  +0.05  +0.04 |  +0.02  +0.01  (0.14 0.11 0.11 0.04)
10 |  +0.02  +0.00  +0.04  +0.10 |  +0.14  +0.19  (0.11 0.05 0.08 0.06)
11 |  -0.03  +0.03  +0.03  +0.04 |  +0.12  +0.17  (0.10 0.09 0.05 0.08)
12 |  +0.01  -0.00  -0.00  +0.08 |  +0.09  +0.13  (0.17 0.08 0.04 0.05)
13 |  +0.01  +0.02  -0.01  +0.12 |  +0.15  +0.20  (0.06 0.09 0.07 0.09)
14 |  -0.02  +0.01  +0.00  +0.01 |  +0.05  +0.07  (0.12 0.05 0.07 0.04)

### B4 rho3
 l | n=64   n=96   n=128  n=160  | c(1024)  c_inf  (across-MLP sd at each width)
 0 |  +0.93  +0.95  +0.96  +0.97 |  +1.01  +1.04  (0.01 0.01 0.01 0.01)
 1 |  +1.04  +0.98  +1.02  +1.03 |  +1.00  +1.00  (0.09 0.07 0.04 0.04)
 2 |  +1.01  +1.01  +1.01  +1.00 |  +0.99  +0.99  (0.09 0.10 0.07 0.02)
 3 |  +0.88  +0.98  +0.97  +0.94 |  +1.05  +1.09  (0.09 0.09 0.06 0.06)
 4 |  +1.05  +0.97  +0.97  +0.91 |  +0.78  +0.68  (0.27 0.18 0.06 0.05)
 5 |  +1.02  +0.90  +0.93  +0.85 |  +0.71  +0.61  (0.18 0.13 0.07 0.06)
 6 |  +1.10  +1.02  +0.93  +0.86 |  +0.64  +0.48  (0.28 0.21 0.08 0.07)
 7 |  +1.09  +1.04  +0.94  +0.89 |  +0.69  +0.56  (0.13 0.16 0.18 0.08)
 8 |  +1.59  +0.87  +1.17  +0.93 |  +0.31  -0.07  (0.38 0.15 0.15 0.10)
 9 |  +0.92  +1.11  +1.13  +0.99 |  +1.19  +1.26  (0.27 0.31 0.15 0.11)
10 |  +1.62  +0.93  +1.03  +0.84 |  +0.04  -0.45  (0.40 0.10 0.17 0.04)
11 |  +0.96  +1.28  +0.79  +0.98 |  +0.87  +0.81  (0.38 0.39 0.18 0.07)
12 |  +0.91  +0.96  +0.90  +1.07 |  +1.12  +1.19  (0.55 0.17 0.20 0.13)
13 |  +1.03  +1.09  +0.90  +1.04 |  +0.94  +0.90  (1.31 0.40 0.20 0.23)
14 |  +1.04  +1.55  +0.98  +1.25 |  +1.30  +1.34  (1.07 0.34 0.39 0.26)

### B5 K22
 l | n=64   n=96   n=128  n=160  | c(1024)  c_inf  (across-MLP sd at each width)
 0 | -197.84 -126.74 +73.16 +53.74 | +370.79 +565.69  (187.82 412.01 179.65 95.08)
 1 |  +0.83  +1.13  +1.12  +1.07 |  +1.42  +1.59  (0.34 0.33 0.21 0.17)
 2 |  +0.48  +0.73  +0.86  +0.97 |  +1.47  +1.80  (0.43 0.15 0.12 0.18)
 3 |  -0.00  +0.58  +0.68  +0.97 |  +1.91  +2.54  (0.44 0.21 0.20 0.13)
 4 |  -0.38  +0.38  +0.57  +0.63 |  +1.81  +2.51  (0.66 0.18 0.23 0.26)
 5 |  -0.89  +0.18  +0.33  +0.63 |  +2.25  +3.26  (1.01 0.31 0.34 0.12)
 6 |  -1.21  -0.34  +0.38  +0.68 |  +2.71  +4.02  (0.59 0.43 0.49 0.30)
 7 |  -0.63  -0.00  -0.24  +0.41 |  +1.14  +1.72  (0.66 0.36 0.41 0.12)
 8 |  -1.29  -0.14  -0.79  -0.07 |  +0.84  +1.50  (0.69 0.38 0.59 0.16)
 9 |  -1.25  -0.47  -0.67  +0.20 |  +1.23  +2.06  (0.99 0.54 0.88 0.41)
10 |  -2.57  -0.64  -0.63  -0.39 |  +2.09  +3.55  (0.50 0.51 0.73 0.18)
11 |  -1.33  -1.13  -0.65  -0.10 |  +0.90  +1.69  (0.78 0.66 0.65 0.79)
12 |  -0.78  -1.24  -0.48  -0.87 |  -0.69  -0.62  (0.90 0.63 1.14 0.47)
13 |  -1.51  -1.39  -1.02  -1.54 |  -1.14  -1.04  (1.11 1.08 1.27 0.34)
14 |  -0.84  -1.70  -1.41  -1.53 |  -2.31  -2.74  (0.94 0.54 0.91 0.81)

### B6 uC
 l | n=64   n=96   n=128  n=160  | c(1024)  c_inf  (across-MLP sd at each width)
 0 |  +1.48  +1.47  +1.47  +1.59 |  +1.62  +1.67  (0.18 0.23 0.12 0.17)
 1 |  +1.38  +1.43  +1.44  +1.44 |  +1.52  +1.56  (0.04 0.06 0.04 0.05)
 2 |  +1.24  +1.33  +1.34  +1.38 |  +1.52  +1.61  (0.05 0.03 0.02 0.03)
 3 |  +1.14  +1.33  +1.29  +1.37 |  +1.58  +1.72  (0.12 0.03 0.06 0.04)
 4 |  +0.95  +1.25  +1.31  +1.31 |  +1.76  +2.01  (0.11 0.09 0.07 0.07)
 5 |  +0.94  +1.12  +1.24  +1.26 |  +1.64  +1.87  (0.14 0.07 0.08 0.06)
 6 |  +0.88  +1.06  +1.20  +1.19 |  +1.58  +1.81  (0.12 0.15 0.06 0.06)
 7 |  +1.06  +1.03  +1.10  +1.27 |  +1.39  +1.51  (0.11 0.07 0.09 0.06)
 8 |  +0.91  +1.12  +1.11  +1.10 |  +1.35  +1.48  (0.09 0.08 0.10 0.16)
 9 |  +0.94  +1.02  +1.11  +1.17 |  +1.39  +1.54  (0.05 0.03 0.09 0.06)
10 |  +0.78  +1.00  +1.07  +1.06 |  +1.41  +1.61  (0.10 0.05 0.06 0.11)
11 |  +0.83  +0.99  +1.09  +1.09 |  +1.41  +1.60  (0.11 0.09 0.05 0.05)
12 |  +0.79  +1.02  +1.04  +1.06 |  +1.38  +1.57  (0.11 0.07 0.08 0.05)
13 |  +0.79  +1.00  +1.02  +0.97 |  +1.23  +1.37  (0.15 0.04 0.08 0.17)
14 |  +0.82  +1.00  +1.06  +1.14 |  +1.46  +1.68  (0.12 0.08 0.10 0.05)

## ensemble coefficients (D21_reg fit) per width, and c(n) = c_inf + a/sqrt(n) evaluated at n = 1024

### B0 k3z
 l | n=64   n=96   n=128  n=160  | c(1024)  c_inf  (across-MLP sd at each width)
 0 |  +1.01  +1.01  +1.00  +1.00 |  +0.98  +0.97  (0.05 0.02 0.02 0.00)
 1 |  +1.02  +1.01  +1.01  +1.01 |  +1.01  +1.00  (0.02 0.01 0.01 0.00)
 2 |  +1.01  +1.02  +1.01  +1.01 |  +1.02  +1.02  (0.02 0.02 0.00 0.01)
 3 |  +1.00  +1.02  +1.01  +1.01 |  +1.02  +1.02  (0.01 0.02 0.00 0.02)
 4 |  +1.01  +1.01  +1.01  +1.01 |  +1.00  +0.99  (0.02 0.01 0.01 0.01)
 5 |  +1.01  +1.01  +1.01  +1.00 |  +1.00  +1.00  (0.02 0.01 0.01 0.00)
 6 |  +0.98  +1.01  +1.00  +1.01 |  +1.03  +1.05  (0.03 0.01 0.01 0.00)
 7 |  +1.01  +0.99  +1.00  +1.00 |  +0.99  +0.98  (0.04 0.01 0.01 0.01)
 8 |  +0.98  +1.01  +1.00  +1.00 |  +1.02  +1.03  (0.02 0.02 0.01 0.01)
 9 |  +1.02  +0.99  +1.00  +1.00 |  +0.98  +0.97  (0.04 0.01 0.00 0.01)
10 |  +1.01  +0.99  +1.01  +1.01 |  +1.00  +0.99  (0.03 0.01 0.01 0.01)
11 |  +0.99  +1.00  +1.00  +1.00 |  +1.02  +1.02  (0.01 0.02 0.01 0.01)
12 |  +1.00  +0.99  +1.00  +1.00 |  +1.00  +1.00  (0.04 0.01 0.01 0.00)
13 |  +1.01  +1.00  +1.00  +1.00 |  +0.99  +0.99  (0.05 0.01 0.01 0.01)
14 |  +1.01  +1.00  +1.00  +1.00 |  +0.99  +0.98  (0.01 0.01 0.01 0.00)

### B1 D21+C
 l | n=64   n=96   n=128  n=160  | c(1024)  c_inf  (across-MLP sd at each width)
 0 |  +2.79  +3.10  +3.15  +3.22 |  +3.69  +3.99  (0.70 0.44 0.51 0.44)
 1 |  +2.92  +3.01  +3.05  +3.02 |  +3.16  +3.23  (0.11 0.07 0.16 0.13)
 2 |  +3.17  +3.06  +3.13  +3.09 |  +3.02  +2.98  (0.27 0.29 0.12 0.01)
 3 |  +2.83  +3.27  +3.17  +3.34 |  +3.82  +4.13  (0.29 0.12 0.24 0.54)
 4 |  +3.06  +3.43  +3.23  +3.27 |  +3.50  +3.62  (0.68 0.18 0.31 0.14)
 5 |  +2.92  +3.39  +3.05  +3.21 |  +3.44  +3.58  (0.36 0.49 0.35 0.14)
 6 |  +3.05  +2.87  +3.18  +3.03 |  +3.12  +3.16  (0.98 0.49 0.29 0.30)
 7 |  +2.68  +2.91  +3.10  +3.78 |  +4.53  +5.19  (0.81 0.41 0.67 0.45)
 8 |  +2.27  +3.02  +2.85  +3.31 |  +4.19  +4.81  (1.01 1.01 0.41 0.24)
 9 |  +2.58  +3.11  +3.69  +3.72 |  +5.06  +5.89  (0.73 0.50 0.64 0.60)
10 |  +2.39  +2.87  +3.00  +3.37 |  +4.24  +4.87  (1.40 1.29 0.84 0.78)
11 |  +0.99  +3.06  +3.01  +3.10 |  +5.64  +7.08  (1.66 1.01 0.77 0.19)
12 |  +3.34  +3.33  +3.98  +3.55 |  +4.15  +4.43  (1.67 0.62 0.51 0.27)
13 |  +2.63  +1.81  +3.59  +3.17 |  +4.12  +4.73  (2.39 1.54 0.83 1.73)
14 |  +2.38  +3.50  +3.93  +3.11 |  +4.72  +5.40  (1.22 1.81 1.19 0.65)

### B2 w3D21
 l | n=64   n=96   n=128  n=160  | c(1024)  c_inf  (across-MLP sd at each width)
 0 | -26.18 +95.76 +143.78 -144.35 | -38.63 -64.55  (293.39 350.46 288.21 318.12)
 1 |  +2.78  +2.73  +2.90  +2.96 |  +3.13  +3.26  (0.50 0.34 0.10 0.05)
 2 |  +2.48  +2.52  +2.61  +2.74 |  +2.94  +3.11  (0.10 0.12 0.14 0.08)
 3 |  +2.15  +2.31  +2.42  +2.46 |  +2.80  +3.02  (0.30 0.31 0.12 0.07)
 4 |  +1.96  +2.26  +2.35  +2.40 |  +2.91  +3.21  (0.37 0.23 0.13 0.08)
 5 |  +1.97  +2.06  +2.23  +2.12 |  +2.41  +2.55  (0.12 0.15 0.09 0.18)
 6 |  +1.86  +2.13  +2.24  +2.17 |  +2.60  +2.83  (0.30 0.12 0.08 0.14)
 7 |  +1.97  +1.99  +2.12  +2.14 |  +2.32  +2.44  (0.08 0.22 0.22 0.17)
 8 |  +1.66  +2.17  +2.20  +2.13 |  +2.77  +3.10  (0.33 0.30 0.15 0.18)
 9 |  +2.24  +2.05  +2.20  +2.25 |  +2.21  +2.23  (0.40 0.15 0.19 0.08)
10 |  +2.02  +2.12  +2.17  +2.24 |  +2.45  +2.60  (0.25 0.14 0.15 0.21)
11 |  +2.02  +2.03  +2.22  +2.22 |  +2.46  +2.61  (0.14 0.16 0.15 0.12)
12 |  +1.85  +2.04  +2.14  +2.17 |  +2.54  +2.77  (0.23 0.20 0.04 0.09)
13 |  +1.94  +2.08  +2.05  +2.13 |  +2.29  +2.41  (0.51 0.17 0.14 0.22)
14 |  +2.02  +2.15  +2.17  +2.34 |  +2.57  +2.76  (0.34 0.11 0.10 0.26)

### B3 D3
 l | n=64   n=96   n=128  n=160  | c(1024)  c_inf  (across-MLP sd at each width)
 0 | -304.26 -61.56 -95.23 -276.54 | -80.16 -31.81  (421.12 680.09 541.70 216.64)
 1 |  +0.60  +0.66  +0.77  +0.86 |  +1.10  +1.27  (0.28 0.19 0.11 0.15)
 2 |  +0.60  +0.55  +0.65  +0.82 |  +0.93  +1.06  (0.19 0.07 0.14 0.17)
 3 |  +0.19  +0.38  +0.37  +0.37 |  +0.61  +0.73  (0.26 0.20 0.16 0.22)
 4 |  +0.21  +0.23  +0.36  +0.28 |  +0.43  +0.51  (0.33 0.12 0.09 0.04)
 5 |  +0.11  +0.15  +0.21  +0.16 |  +0.26  +0.31  (0.16 0.06 0.16 0.13)
 6 |  +0.18  +0.13  +0.15  +0.22 |  +0.20  +0.22  (0.24 0.14 0.13 0.10)
 7 |  +0.14  +0.07  +0.09  +0.04 |  -0.04  -0.09  (0.21 0.18 0.12 0.15)
 8 |  +0.06  +0.05  +0.04  +0.14 |  +0.15  +0.19  (0.12 0.17 0.14 0.08)
 9 |  +0.04  -0.06  +0.03  +0.06 |  +0.05  +0.07  (0.12 0.18 0.18 0.04)
10 |  +0.08  +0.02  +0.04  +0.13 |  +0.11  +0.13  (0.26 0.08 0.09 0.07)
11 |  -0.05  +0.00  -0.00  +0.07 |  +0.15  +0.22  (0.14 0.11 0.09 0.03)
12 |  +0.05  -0.09  -0.05  +0.08 |  +0.01  +0.02  (0.18 0.06 0.08 0.09)
13 |  +0.02  +0.01  -0.01  +0.11 |  +0.12  +0.16  (0.04 0.13 0.09 0.10)
14 |  +0.02  -0.04  -0.00  -0.04 |  -0.08  -0.10  (0.12 0.17 0.09 0.04)

### B4 rho3
 l | n=64   n=96   n=128  n=160  | c(1024)  c_inf  (across-MLP sd at each width)
 0 |  +0.93  +0.92  +1.01  +0.99 |  +1.08  +1.13  (0.06 0.04 0.06 0.05)
 1 |  +0.99  +1.05  +0.97  +1.01 |  +0.99  +0.99  (0.17 0.19 0.08 0.07)
 2 |  +0.98  +1.00  +1.03  +1.00 |  +1.04  +1.06  (0.14 0.18 0.12 0.10)
 3 |  +0.95  +0.94  +0.99  +0.95 |  +0.99  +1.00  (0.17 0.17 0.13 0.09)
 4 |  +1.00  +1.04  +0.98  +0.79 |  +0.71  +0.59  (0.37 0.27 0.15 0.11)
 5 |  +0.97  +0.98  +0.94  +0.92 |  +0.88  +0.85  (0.23 0.34 0.11 0.17)
 6 |  +1.14  +0.87  +0.96  +0.88 |  +0.63  +0.47  (0.52 0.23 0.11 0.10)
 7 |  +0.96  +1.13  +0.99  +0.86 |  +0.85  +0.78  (0.37 0.23 0.40 0.10)
 8 |  +1.65  +0.92  +1.22  +0.78 |  +0.08  -0.41  (0.44 0.31 0.23 0.17)
 9 |  +0.53  +0.93  +1.08  +0.86 |  +1.45  +1.73  (0.41 0.39 0.25 0.14)
10 |  +1.55  +1.02  +1.01  +0.79 |  +0.04  -0.44  (0.84 0.12 0.20 0.18)
11 |  +0.71  +1.28  +0.54  +0.86 |  +0.81  +0.80  (0.51 0.63 0.27 0.12)
12 |  +1.32  +0.96  +0.69  +0.73 |  -0.02  -0.46  (1.01 0.21 0.39 0.43)
13 |  +0.87  +0.61  +1.01  +0.96 |  +1.09  +1.20  (1.77 0.68 0.19 0.51)
14 |  +0.43  +1.16  +0.99  +1.16 |  +1.92  +2.38  (1.22 0.70 0.37 0.12)

### B5 K22
 l | n=64   n=96   n=128  n=160  | c(1024)  c_inf  (across-MLP sd at each width)
 0 | -46.97 -407.64 +52.75 -67.58 | -12.69 +35.85  (279.82 502.57 245.21 384.08)
 1 |  +0.61  +0.98  +1.08  +1.18 |  +1.80  +2.19  (0.55 0.47 0.40 0.14)
 2 |  +0.43  +0.59  +0.89  +1.20 |  +1.86  +2.36  (0.66 0.33 0.29 0.28)
 3 |  -0.21  +0.44  +0.60  +1.17 |  +2.37  +3.23  (0.41 0.46 0.48 0.46)
 4 |  -0.22  +0.22  +0.57  +0.97 |  +2.07  +2.85  (0.65 0.65 0.44 0.69)
 5 |  -0.79  -0.08  +0.16  +0.70 |  +2.05  +3.00  (0.96 0.48 0.45 0.22)
 6 |  -1.14  +0.10  +0.47  +0.49 |  +2.47  +3.62  (0.75 0.45 0.43 0.60)
 7 |  -0.50  -1.06  -0.24  +1.08 |  +1.83  +2.76  (0.70 0.83 0.45 0.36)
 8 |  -1.35  -0.16  -1.04  +0.10 |  +0.94  +1.66  (0.68 0.60 0.70 0.83)
 9 |  -0.47  -0.44  +0.04  +0.86 |  +1.74  +2.55  (0.75 0.81 1.20 0.84)
10 |  -2.65  -1.05  -0.70  +0.45 |  +3.25  +5.21  (0.47 1.16 0.78 0.59)
11 |  -1.75  -1.48  -0.57  +0.14 |  +1.79  +3.05  (0.99 0.96 0.66 1.23)
12 |  -0.99  -1.07  +0.44  -0.26 |  +1.17  +1.93  (1.12 0.85 1.23 1.15)
13 |  -0.85  -2.29  -0.44  -0.95 |  -0.72  -0.54  (1.12 1.42 1.32 0.63)
14 |  -1.29  -1.41  -1.68  -2.97 |  -3.90  -4.86  (1.18 0.99 1.00 1.11)

### B6 uC
 l | n=64   n=96   n=128  n=160  | c(1024)  c_inf  (across-MLP sd at each width)
 0 |  +0.90  +1.88  +1.46  +1.90 |  +2.76  +3.33  (1.61 1.01 2.03 1.11)
 1 |  +1.31  +1.43  +1.48  +1.45 |  +1.64  +1.75  (0.11 0.11 0.08 0.05)
 2 |  +1.20  +1.30  +1.30  +1.42 |  +1.58  +1.71  (0.14 0.12 0.12 0.05)
 3 |  +1.17  +1.37  +1.28  +1.43 |  +1.62  +1.77  (0.06 0.07 0.10 0.07)
 4 |  +1.07  +1.15  +1.30  +1.27 |  +1.54  +1.70  (0.07 0.16 0.11 0.05)
 5 |  +0.88  +1.04  +1.22  +1.30 |  +1.75  +2.04  (0.17 0.14 0.12 0.06)
 6 |  +0.82  +1.02  +1.19  +1.13 |  +1.56  +1.79  (0.24 0.15 0.12 0.15)
 7 |  +1.00  +1.00  +1.11  +1.36 |  +1.58  +1.80  (0.11 0.10 0.14 0.12)
 8 |  +0.95  +1.17  +1.14  +1.07 |  +1.28  +1.37  (0.10 0.10 0.12 0.18)
 9 |  +0.98  +1.10  +1.13  +1.14 |  +1.33  +1.44  (0.07 0.12 0.17 0.11)
10 |  +0.77  +1.03  +1.06  +1.15 |  +1.54  +1.79  (0.15 0.03 0.07 0.11)
11 |  +0.85  +1.01  +1.10  +1.04 |  +1.32  +1.47  (0.06 0.13 0.11 0.15)
12 |  +0.81  +0.98  +1.09  +1.11 |  +1.46  +1.67  (0.11 0.10 0.13 0.14)
13 |  +0.83  +0.92  +1.02  +0.99 |  +1.22  +1.35  (0.16 0.11 0.11 0.25)
14 |  +0.75  +1.11  +1.03  +1.09 |  +1.45  +1.66  (0.14 0.25 0.10 0.06)
