=== network 0: layer | rms rel. var error (chain) | MC noise rms | noise-free rms | share explained: gain alpha kurt skew coll | joint | mean rel. error
   1 | 3.54e-04 | 5.01e-04 | 1.00e-05 | +1.30 +3.40 +0.42 +1.12 +3.96 | +8.44 | -1.12e-05
   2 | 3.47e-04 | 4.88e-04 | 3.67e-05 | -0.09 -0.21 +0.13 -0.01 -0.15 | -0.34 | -1.15e-05
   3 | 4.22e-04 | 4.89e-04 | 1.72e-04 | +0.01 -0.02 -0.00 -0.01 +0.01 | -0.00 | -1.71e-04
   4 | 4.34e-04 | 5.21e-04 | 1.56e-04 | +0.03 +0.00 +0.01 +0.00 +0.02 | +0.05 | -1.70e-04
   5 | 5.01e-04 | 4.88e-04 | 3.22e-04 | +0.08 +0.00 +0.02 +0.00 +0.00 | +0.09 | -1.69e-04
   6 | 5.75e-04 | 4.82e-04 | 4.06e-04 | +0.15 +0.00 +0.02 -0.00 +0.02 | +0.15 | -2.25e-04
   7 | 7.11e-04 | 5.01e-04 | 5.16e-04 | +0.10 +0.00 +0.01 +0.00 +0.01 | +0.10 | -3.39e-04
   8 | 8.02e-04 | 5.11e-04 | 6.46e-04 | +0.15 +0.01 +0.01 +0.02 +0.00 | +0.17 | -3.08e-04
   9 | 9.08e-04 | 5.16e-04 | 7.72e-04 | +0.14 +0.00 +0.03 +0.00 +0.00 | +0.16 | -3.09e-04
  10 | 1.05e-03 | 4.99e-04 | 8.57e-04 | +0.17 +0.00 +0.03 -0.00 +0.01 | +0.18 | -4.97e-04
  11 | 1.18e-03 | 5.04e-04 | 1.06e-03 | +0.21 -0.00 +0.05 +0.00 +0.03 | +0.23 | -3.69e-04
  12 | 1.39e-03 | 4.95e-04 | 1.24e-03 | +0.28 -0.00 +0.05 +0.00 +0.03 | +0.29 | -5.29e-04
  13 | 1.63e-03 | 4.84e-04 | 1.42e-03 | +0.23 +0.00 +0.07 +0.00 +0.04 | +0.24 | -7.28e-04
  14 | 1.76e-03 | 4.85e-04 | 1.55e-03 | +0.22 +0.00 +0.04 +0.00 +0.02 | +0.23 | -7.65e-04
  15 | 2.03e-03 | 5.02e-04 | 1.71e-03 | +0.27 +0.00 +0.04 +0.00 +0.05 | +0.27 | -1.03e-03
=== network 1: layer | rms rel. var error (chain) | MC noise rms | noise-free rms | share explained: gain alpha kurt skew coll | joint | mean rel. error
   1 | 3.60e-04 | 5.17e-04 | 1.00e-15 | +9636774933485445120.00 -82937802164278083584.00 +145497791185620697088.00 -77224351880308129792.00 -49969133259025334272.00 | +5246961375501772800.00 | +1.50e-05
   2 | 3.60e-04 | 4.92e-04 | 9.72e-05 | +0.02 +0.05 +0.01 +0.04 +0.00 | +0.08 | +1.75e-05
   3 | 4.11e-04 | 5.13e-04 | 1.35e-04 | -0.03 +0.00 -0.00 -0.00 -0.00 | -0.03 | -1.42e-04
   4 | 4.16e-04 | 4.94e-04 | 1.85e-04 | +0.05 -0.00 +0.00 -0.00 +0.01 | +0.05 | -1.35e-04
   5 | 4.78e-04 | 4.98e-04 | 2.92e-04 | +0.16 -0.00 +0.00 +0.00 +0.00 | +0.16 | -1.36e-04
   6 | 5.84e-04 | 5.12e-04 | 4.06e-04 | +0.18 -0.00 +0.01 -0.00 +0.02 | +0.18 | -2.14e-04
   7 | 6.91e-04 | 4.97e-04 | 5.07e-04 | +0.22 -0.00 +0.00 +0.00 +0.04 | +0.22 | -3.12e-04
   8 | 8.05e-04 | 4.82e-04 | 6.81e-04 | +0.20 +0.00 +0.01 +0.00 +0.02 | +0.20 | -2.61e-04
   9 | 8.70e-04 | 4.83e-04 | 7.69e-04 | +0.18 +0.00 +0.01 +0.00 +0.00 | +0.18 | -2.22e-04
  10 | 1.04e-03 | 4.49e-04 | 8.75e-04 | +0.16 +0.00 +0.03 +0.00 +0.00 | +0.18 | -4.53e-04
  11 | 1.26e-03 | 4.87e-04 | 1.13e-03 | +0.24 +0.00 +0.04 +0.00 +0.03 | +0.25 | -4.25e-04
  12 | 1.43e-03 | 4.61e-04 | 1.27e-03 | +0.20 +0.00 +0.04 +0.00 +0.02 | +0.21 | -5.79e-04
  13 | 1.57e-03 | 4.98e-04 | 1.40e-03 | +0.18 +0.01 +0.05 +0.01 +0.01 | +0.20 | -6.31e-04
  14 | 1.84e-03 | 4.95e-04 | 1.55e-03 | +0.23 +0.00 +0.04 +0.00 +0.04 | +0.24 | -9.13e-04
  15 | 2.07e-03 | 5.08e-04 | 1.76e-03 | +0.24 +0.00 +0.05 +0.00 +0.05 | +0.25 | -1.05e-03
