net 0: closed two-gain recursions; one-loop by class available at source layers [1, 2, 3, 4, 5, 6, 7, 8, 9, 10, 11, 12, 13, 14]
  l | measured g3 g4 ratio | A: XIX pair      | B: +dropped (mix transport, full phi4) | C: rows=1, full phi4 | D: rows=1, pair phi4 | phi4 pair -> full | r44 pair -> +mix
   1 | 0.0064 0.0032 0.50 | 0.0066 0.0032 0.48 | 0.0066 0.0032 0.48 | 0.0066 0.0032 0.48 | 0.0066 0.0032 0.48 | +0.00319 -> +0.00319 | 1.091 -> 1.091
   2 | 0.0095 0.0056 0.59 | 0.0096 0.0056 0.58 | 0.0096 0.0056 0.59 | 0.0095 0.0055 0.57 | 0.0095 0.0054 0.57 | +0.00184 -> +0.00189 | 0.922 -> 0.927
   3 | 0.0113 0.0074 0.66 | 0.0116 0.0074 0.64 | 0.0116 0.0076 0.65 | 0.0118 0.0072 0.61 | 0.0118 0.0072 0.61 | +0.00120 -> +0.00119 | 0.879 -> 0.895
   4 | 0.0127 0.0090 0.71 | 0.0132 0.0091 0.69 | 0.0133 0.0094 0.71 | 0.0138 0.0090 0.65 | 0.0138 0.0089 0.65 | +0.00113 -> +0.00116 | 0.871 -> 0.895
   5 | 0.0140 0.0105 0.75 | 0.0146 0.0103 0.71 | 0.0147 0.0108 0.74 | 0.0158 0.0103 0.65 | 0.0158 0.0104 0.66 | +0.00086 -> +0.00074 | 0.855 -> 0.892
   6 | 0.0156 0.0116 0.75 | 0.0162 0.0112 0.69 | 0.0163 0.0119 0.73 | 0.0182 0.0115 0.63 | 0.0182 0.0117 0.64 | +0.00057 -> +0.00042 | 0.844 -> 0.880
   7 | 0.0170 0.0128 0.75 | 0.0176 0.0117 0.66 | 0.0177 0.0128 0.72 | 0.0205 0.0127 0.62 | 0.0205 0.0130 0.63 | +0.00044 -> +0.00034 | 0.833 -> 0.887
   8 | 0.0176 0.0146 0.83 | 0.0184 0.0121 0.66 | 0.0186 0.0136 0.73 | 0.0222 0.0140 0.63 | 0.0222 0.0145 0.65 | +0.00107 -> +0.00084 | 0.860 -> 0.925
   9 | 0.0191 0.0159 0.83 | 0.0200 0.0121 0.60 | 0.0202 0.0143 0.71 | 0.0246 0.0151 0.61 | 0.0246 0.0155 0.63 | +0.00018 -> +0.00025 | 0.836 -> 0.900
  10 | 0.0197 0.0166 0.84 | 0.0203 0.0117 0.58 | 0.0205 0.0147 0.72 | 0.0263 0.0159 0.61 | 0.0264 0.0164 0.62 | +0.00005 -> -0.00004 | 0.825 -> 0.911
  11 | 0.0208 0.0177 0.85 | 0.0207 0.0112 0.54 | 0.0210 0.0150 0.71 | 0.0282 0.0168 0.59 | 0.0283 0.0173 0.61 | +0.00010 -> +0.00001 | 0.819 -> 0.915
  12 | 0.0215 0.0196 0.91 | 0.0209 0.0103 0.49 | 0.0213 0.0148 0.69 | 0.0299 0.0173 0.58 | 0.0299 0.0180 0.60 | +0.00023 -> -0.00008 | 0.822 -> 0.932
  13 | 0.0220 0.0207 0.94 | 0.0210 0.0091 0.44 | 0.0214 0.0146 0.68 | 0.0316 0.0178 0.57 | 0.0317 0.0185 0.58 | -0.00039 -> -0.00033 | 0.799 -> 0.921
  14 | 0.0223 0.0215 0.96 | 0.0207 0.0081 0.39 | 0.0211 0.0143 0.68 | 0.0330 0.0182 0.55 | 0.0331 0.0190 0.57 | -0.00047 -> -0.00067 | 0.793 -> 0.935
  15 | 0.0223 0.0228 1.02 | 0.0205 0.0069 0.34 | 0.0210 0.0141 0.67 | 0.0342 0.0184 0.54 | 0.0343 0.0192 0.56 | -0.00003 -> -0.00004 | 0.817 -> 0.961
