net 1: closed two-gain recursions; one-loop by class available at source layers [1, 2, 3, 4, 5, 6, 7, 8, 9, 10, 11, 12, 13, 14]
  l | measured g3 g4 ratio | A: XIX pair      | B: +dropped (mix transport, full phi4) | C: rows=1, full phi4 | D: rows=1, pair phi4 | phi4 pair -> full | r44 pair -> +mix
   1 | 0.0067 0.0031 0.46 | 0.0064 0.0031 0.49 | 0.0064 0.0031 0.49 | 0.0064 0.0031 0.49 | 0.0064 0.0031 0.49 | +0.00313 -> +0.00313 | 1.089 -> 1.089
   2 | 0.0086 0.0052 0.60 | 0.0088 0.0052 0.59 | 0.0088 0.0053 0.60 | 0.0088 0.0051 0.58 | 0.0088 0.0051 0.57 | +0.00153 -> +0.00159 | 0.914 -> 0.920
   3 | 0.0108 0.0067 0.62 | 0.0113 0.0069 0.61 | 0.0113 0.0069 0.61 | 0.0115 0.0066 0.57 | 0.0115 0.0067 0.58 | +0.00109 -> +0.00093 | 0.857 -> 0.875
   4 | 0.0122 0.0086 0.71 | 0.0128 0.0086 0.67 | 0.0128 0.0089 0.69 | 0.0134 0.0084 0.63 | 0.0134 0.0084 0.63 | +0.00104 -> +0.00115 | 0.861 -> 0.889
   5 | 0.0138 0.0100 0.72 | 0.0146 0.0099 0.68 | 0.0146 0.0103 0.71 | 0.0156 0.0099 0.63 | 0.0156 0.0100 0.64 | +0.00093 -> +0.00082 | 0.860 -> 0.896
   6 | 0.0148 0.0117 0.79 | 0.0158 0.0108 0.68 | 0.0159 0.0116 0.73 | 0.0176 0.0113 0.65 | 0.0176 0.0115 0.65 | +0.00084 -> +0.00083 | 0.852 -> 0.894
   7 | 0.0164 0.0130 0.79 | 0.0167 0.0111 0.67 | 0.0168 0.0126 0.75 | 0.0194 0.0125 0.65 | 0.0194 0.0126 0.65 | +0.00060 -> +0.00062 | 0.847 -> 0.909
   8 | 0.0172 0.0140 0.82 | 0.0173 0.0110 0.63 | 0.0175 0.0129 0.74 | 0.0210 0.0133 0.63 | 0.0210 0.0136 0.65 | +0.00041 -> +0.00023 | 0.844 -> 0.912
   9 | 0.0175 0.0149 0.85 | 0.0177 0.0107 0.60 | 0.0179 0.0131 0.73 | 0.0225 0.0140 0.62 | 0.0225 0.0145 0.64 | +0.00028 -> +0.00005 | 0.831 -> 0.912
  10 | 0.0188 0.0159 0.85 | 0.0184 0.0103 0.56 | 0.0186 0.0133 0.71 | 0.0242 0.0146 0.60 | 0.0243 0.0153 0.63 | +0.00027 -> +0.00008 | 0.838 -> 0.924
  11 | 0.0197 0.0173 0.88 | 0.0190 0.0096 0.50 | 0.0193 0.0131 0.68 | 0.0260 0.0151 0.58 | 0.0261 0.0159 0.61 | +0.00014 -> -0.00009 | 0.823 -> 0.921
  12 | 0.0197 0.0180 0.91 | 0.0186 0.0086 0.46 | 0.0190 0.0130 0.69 | 0.0274 0.0156 0.57 | 0.0275 0.0165 0.60 | -0.00009 -> -0.00021 | 0.806 -> 0.933
  13 | 0.0201 0.0183 0.91 | 0.0190 0.0075 0.40 | 0.0193 0.0128 0.66 | 0.0287 0.0160 0.56 | 0.0287 0.0168 0.58 | -0.00005 -> +0.00001 | 0.819 -> 0.940
  14 | 0.0201 0.0201 1.00 | 0.0187 0.0064 0.34 | 0.0191 0.0125 0.65 | 0.0298 0.0162 0.54 | 0.0299 0.0170 0.57 | -0.00003 -> +0.00001 | 0.817 -> 0.952
  15 | 0.0200 0.0210 1.05 | 0.0176 0.0048 0.27 | 0.0180 0.0115 0.64 | 0.0308 0.0157 0.51 | 0.0309 0.0169 0.55 | -0.00002 -> -0.00046 | 0.754 -> 0.958
