net 1, T = 200000: one-loop kappa_4 of z_(l+1) by class (Gaussian y_l with the true marginal state), projected on 3 sigma_z^4
  l+1 | phi4 total | (4) | (3+1) | (2+2) | (2+1+1) | (1+1+1+1) | pair | off share (sigma^4-weighted) | mixture (2+1+1) at g4(l) | mixture (1111)
    2 | +0.00159 | +0.00095 | +0.00000 | +0.00055 | +0.00007 | +0.00001 | +0.00150 | +0.0041 | +0.00001 | +0.00001   [86s]
    3 | +0.00093 | +0.00050 | +0.00000 | +0.00061 | +0.00000 | -0.00018 | +0.00111 | +0.0107 | +0.00008 | +0.00002   [175s]
    4 | +0.00115 | +0.00035 | -0.00001 | +0.00072 | +0.00002 | +0.00007 | +0.00107 | +0.0165 | +0.00016 | +0.00003   [264s]
    5 | +0.00082 | +0.00025 | +0.00001 | +0.00065 | +0.00002 | -0.00012 | +0.00090 | +0.0214 | +0.00025 | +0.00006   [354s]
    6 | +0.00083 | +0.00021 | -0.00001 | +0.00061 | -0.00002 | +0.00004 | +0.00081 | +0.0252 | +0.00034 | +0.00008   [445s]
    7 | +0.00062 | +0.00011 | -0.00001 | +0.00041 | +0.00001 | +0.00010 | +0.00051 | +0.0371 | +0.00059 | +0.00014   [555s]
    8 | +0.00023 | +0.00008 | -0.00002 | +0.00031 | -0.00004 | -0.00009 | +0.00039 | +0.0404 | +0.00071 | +0.00017   [658s]
    9 | +0.00005 | +0.00005 | -0.00002 | +0.00024 | -0.00003 | -0.00019 | +0.00029 | +0.0484 | +0.00093 | +0.00022   [770s]
   10 | +0.00008 | +0.00003 | -0.00003 | +0.00021 | -0.00003 | -0.00010 | +0.00025 | +0.0516 | +0.00101 | +0.00026   [862s]
   11 | -0.00009 | +0.00002 | -0.00002 | +0.00008 | -0.00019 | +0.00002 | +0.00010 | +0.0601 | +0.00121 | +0.00035   [949s]
   12 | -0.00021 | -0.00002 | -0.00003 | -0.00014 | -0.00011 | +0.00009 | -0.00016 | +0.0785 | +0.00167 | +0.00053   [1036s]
   13 | +0.00001 | -0.00000 | -0.00002 | -0.00009 | -0.00011 | +0.00022 | -0.00009 | +0.0745 | +0.00167 | +0.00051   [1129s]
   14 | +0.00001 | -0.00000 | -0.00002 | +0.00005 | -0.00008 | +0.00006 | +0.00005 | +0.0850 | +0.00185 | +0.00063   [1235s]
   15 | -0.00046 | +0.00000 | -0.00004 | +0.00011 | -0.00024 | -0.00030 | +0.00011 | +0.1276 | +0.00306 | +0.00104   [1357s]
