net 0, T = 300000: one-loop kappa_4 of z_(l+1) by class (Gaussian y_l with the true marginal state), projected on 3 sigma_z^4
  l+1 | phi4 total | (4) | (3+1) | (2+2) | (2+1+1) | (1+1+1+1) | pair | off share (sigma^4-weighted) | mixture (2+1+1) at g4(l) | mixture (1111)
    2 | +0.00189 | +0.00106 | -0.00000 | +0.00080 | -0.00002 | +0.00005 | +0.00186 | +0.0034 | +0.00001 | +0.00001   [143s]
    3 | +0.00119 | +0.00055 | -0.00001 | +0.00065 | -0.00003 | +0.00003 | +0.00119 | +0.0095 | +0.00007 | +0.00002   [273s]
    4 | +0.00116 | +0.00040 | +0.00000 | +0.00074 | +0.00000 | +0.00001 | +0.00114 | +0.0147 | +0.00015 | +0.00004   [402s]
    5 | +0.00074 | +0.00023 | -0.00000 | +0.00059 | -0.00003 | -0.00004 | +0.00081 | +0.0216 | +0.00026 | +0.00006   [531s]
    6 | +0.00042 | +0.00015 | -0.00001 | +0.00041 | -0.00004 | -0.00009 | +0.00056 | +0.0226 | +0.00029 | +0.00009   [661s]
    7 | +0.00034 | +0.00012 | -0.00001 | +0.00030 | -0.00005 | -0.00002 | +0.00042 | +0.0327 | +0.00049 | +0.00014   [791s]
    8 | +0.00084 | +0.00021 | +0.00000 | +0.00079 | +0.00001 | -0.00018 | +0.00100 | +0.0393 | +0.00065 | +0.00018   [923s]
    9 | +0.00025 | +0.00004 | -0.00001 | +0.00017 | -0.00009 | +0.00016 | +0.00020 | +0.0389 | +0.00072 | +0.00021   [1052s]
   10 | -0.00004 | +0.00002 | -0.00001 | +0.00009 | -0.00010 | -0.00004 | +0.00012 | +0.0517 | +0.00108 | +0.00028   [1181s]
   11 | +0.00001 | +0.00002 | -0.00003 | +0.00011 | -0.00009 | -0.00000 | +0.00014 | +0.0592 | +0.00121 | +0.00038   [1311s]
   12 | -0.00008 | +0.00003 | -0.00002 | +0.00024 | -0.00012 | -0.00020 | +0.00027 | +0.0674 | +0.00149 | +0.00045   [1447s]
   13 | -0.00033 | -0.00002 | -0.00001 | -0.00019 | -0.00018 | +0.00007 | -0.00021 | +0.0768 | +0.00178 | +0.00061   [1581s]
   14 | -0.00067 | -0.00003 | -0.00002 | -0.00048 | -0.00018 | +0.00005 | -0.00052 | +0.0899 | +0.00214 | +0.00080   [1716s]
   15 | -0.00004 | -0.00000 | -0.00001 | +0.00009 | -0.00013 | +0.00001 | +0.00009 | +0.0923 | +0.00221 | +0.00087   [1849s]
