net 1: projection of the D21 error on the output-relevant direction, % of baseline n x MSE
    layer k: free base  free rep  (delta) | one-step base  one-step rep  (delta) || L2 err free base rep | one-step base rep | cos(grad, one-step delta)
     2:  +1.12  +1.12 (+0.00) |  +1.07  +1.07 (-0.00) || 0.0641 0.0641 | 0.0644 0.0643 | -0.000
     3:  +0.17  +0.15 (-0.03) |  +0.19  +0.17 (-0.03) || 0.0554 0.0552 | 0.0555 0.0553 | -0.000
     4:  +0.15  +0.13 (-0.02) |  +0.21  +0.19 (-0.02) || 0.0525 0.0517 | 0.0524 0.0516 | -0.000
     5:  +0.93  +0.67 (-0.26) |  +0.91  +0.64 (-0.26) || 0.0543 0.0529 | 0.0541 0.0526 | -0.002
     6:  +0.83  +0.89 (+0.06) |  +0.80  +0.88 (+0.08) || 0.0528 0.0503 | 0.0523 0.0497 | +0.000
     7:  +0.37  +0.58 (+0.22) |  +0.47  +0.71 (+0.24) || 0.0543 0.0509 | 0.0535 0.0499 | +0.001
     8:  +1.23  +1.76 (+0.53) |  +1.25  +1.78 (+0.53) || 0.0570 0.0526 | 0.0561 0.0511 | +0.001
     9:  +1.05  +1.06 (+0.02) |  +1.23  +1.22 (-0.01) || 0.0610 0.0556 | 0.0601 0.0539 | -0.000
    10:  +1.16  +1.17 (+0.01) |  +1.04  +1.07 (+0.03) || 0.0639 0.0580 | 0.0630 0.0559 | +0.000
    11:  +0.42  +0.48 (+0.06) |  +0.26  +0.32 (+0.06) || 0.0648 0.0596 | 0.0637 0.0567 | +0.000
    12:  +1.65  +1.41 (-0.25) |  +1.54  +1.35 (-0.20) || 0.0688 0.0652 | 0.0673 0.0613 | -0.000
    13:  +2.18  +2.33 (+0.14) |  +2.17  +2.32 (+0.15) || 0.0726 0.0674 | 0.0713 0.0634 | +0.000
    14:  +3.50  +3.67 (+0.17) |  +3.44  +3.62 (+0.18) || 0.0742 0.0750 | 0.0724 0.0698 | +0.000
    total: +14.76 +15.42 +0.66 +14.59 +15.34 +0.75
