net 1 chain_off1_fk_base.npz: MSE 2.1266e-08; covariance error by input route, % of this run's n x MSE (signed, <tau, e>/<e, e>)
    layer: C  D21  K22  K31  unary  value || meanprod-err || |e_Cy| rel, value/|e_Cy|
     2:  -0.14  -0.11  -0.08  -0.04  +0.03  -0.00 ||  +0.02 || 0.0080 0.210
     3:  +0.32  +1.12  +0.07  +0.21  +0.02  +0.15 ||  -0.69 || 0.0064 0.182
     4:  +0.36  +0.17  +0.43  +0.38  -0.00  -0.10 ||  -0.90 || 0.0058 0.164
     5:  -0.02  +0.15  -0.01  +0.09  +0.05  +0.10 ||  +0.09 || 0.0056 0.148
     6:  +1.36  +0.93  +0.14  -0.25  -0.01  +0.03 ||  -0.23 || 0.0058 0.132
     7:  +0.85  +0.83  -0.00  +0.18  +0.02  -0.01 ||  +0.32 || 0.0060 0.117
     8:  -0.75  +0.37  -0.06  -0.30  -0.05  +0.00 ||  +2.33 || 0.0063 0.110
     9:  +0.43  +1.23  -0.07  +0.60  +0.02  -0.11 ||  +0.32 || 0.0067 0.102
    10:  +1.65  +1.05  +0.16  +0.49  +0.01  -0.02 ||  +1.04 || 0.0069 0.097
    11:  +2.24  +1.16  -0.27  +0.22  +0.05  +0.06 ||  +2.19 || 0.0074 0.094
    12:  +2.72  +0.42  +0.04  +0.77  +0.02  +0.14 ||  +2.84 || 0.0077 0.086
    13:  +4.11  +1.65  -0.44  +0.19  -0.01  -0.00 ||  +3.00 || 0.0082 0.083
    14:  +9.44  +2.18  -0.25  +1.22  -0.04  +0.02 ||  +3.55 || 0.0086 0.080
    15:  +7.95  +3.50  +0.06  +1.29  -0.04  -0.15 ||  +3.23 || 0.0089 0.083
    total: C +30.53 D21 +14.66 K22 -0.28 K31 +5.07 unary +0.07 value +0.11 meanprod +17.10
net 1 chain_off1_fk_y2.npz: MSE 2.3354e-08; covariance error by input route, % of this run's n x MSE (signed, <tau, e>/<e, e>)
    layer: C  D21  K22  K31  unary  value || meanprod-err || |e_Cy| rel, value/|e_Cy|
     2:  -0.21  -0.01  -0.10  -0.06  +0.03  -0.03 ||  -0.16 || 0.0080 0.210
     3:  +0.50  +0.92  +0.06  +0.24  +0.01  +0.15 ||  -0.69 || 0.0064 0.183
     4:  +0.68  +0.29  +0.40  +0.47  -0.01  -0.11 ||  -1.04 || 0.0058 0.165
     5:  +0.14  +0.21  -0.00  +0.12  +0.05  +0.07 ||  +0.04 || 0.0056 0.149
     6:  +1.37  +0.70  +0.18  -0.30  -0.01  +0.04 ||  -0.50 || 0.0057 0.133
     7:  +0.93  +0.95  +0.05  +0.10  +0.03  -0.06 ||  -0.05 || 0.0059 0.119
     8:  -1.14  +0.57  -0.11  -0.46  -0.06  +0.01 ||  +2.15 || 0.0061 0.113
     9:  +0.55  +1.67  -0.13  +0.50  +0.02  -0.07 ||  +0.07 || 0.0065 0.105
    10:  +1.46  +0.95  +0.13  +0.61  -0.02  +0.01 ||  +0.61 || 0.0067 0.101
    11:  +2.36  +1.37  -0.29  -0.01  +0.05  +0.07 ||  +2.41 || 0.0070 0.100
    12:  +2.94  +0.52  +0.06  +0.49  +0.02  +0.17 ||  +3.23 || 0.0073 0.091
    13:  +4.29  +1.27  -0.42  +0.15  +0.00  +0.02 ||  +2.96 || 0.0077 0.089
    14:  +8.29  +2.08  -0.22  +1.20  -0.05  +0.04 ||  +3.85 || 0.0079 0.086
    15:  +8.16  +3.47  +0.08  +1.35  -0.03  -0.16 ||  +3.08 || 0.0082 0.090
    total: C +30.33 D21 +14.95 K22 -0.31 K31 +4.42 unary +0.03 value +0.14 meanprod +15.98
net 1 chain_off1_fk_kd.npz: MSE 2.3086e-08; covariance error by input route, % of this run's n x MSE (signed, <tau, e>/<e, e>)
    layer: C  D21  K22  K31  unary  value || meanprod-err || |e_Cy| rel, value/|e_Cy|
     2:  +0.07  -0.07  -0.05  +0.03  +0.02  +0.05 ||  +0.04 || 0.0080 0.209
     3:  +0.35  +1.09  +0.01  +0.13  +0.02  +0.22 ||  -0.68 || 0.0064 0.181
     4:  +0.14  -0.17  +0.37  +0.30  -0.00  -0.03 ||  -0.54 || 0.0058 0.163
     5:  +0.17  +0.08  -0.02  -0.28  +0.05  +0.13 ||  +0.21 || 0.0057 0.145
     6:  +0.91  +0.92  +0.09  +0.10  -0.01  +0.07 ||  +0.10 || 0.0059 0.129
     7:  +0.78  +1.02  +0.03  -0.09  +0.02  +0.02 ||  +0.40 || 0.0062 0.114
     8:  -0.90  +1.13  +0.05  -0.30  -0.04  -0.05 ||  +2.51 || 0.0065 0.106
     9:  +0.85  +1.24  -0.11  +0.70  +0.01  -0.08 ||  +0.54 || 0.0069 0.098
    10:  +1.05  +1.01  +0.17  +0.80  +0.01  -0.06 ||  +1.70 || 0.0072 0.094
    11:  +2.51  +1.13  -0.11  +0.59  +0.08  +0.07 ||  +2.06 || 0.0078 0.090
    12:  +2.91  +0.33  +0.01  +1.08  -0.01  +0.08 ||  +2.72 || 0.0081 0.081
    13:  +5.37  +1.79  -0.27  +0.39  +0.01  -0.01 ||  +3.78 || 0.0086 0.080
    14:  +8.67  +2.43  -0.32  +1.26  -0.03  +0.00 ||  +4.97 || 0.0089 0.077
    15:  +7.27  +3.29  +0.15  +1.15  -0.03  -0.18 ||  +2.70 || 0.0093 0.078
    total: C +30.13 D21 +15.21 K22 -0.01 K31 +5.87 unary +0.11 value +0.22 meanprod +20.53
