# /root/work/atlas64/mlp_00000.npz order 1 width 64 depth 16 N 1000000 (noise-corrected with pair)
l  noise           none           wick        closure         engine  engine_reg211 engine_zero211           true
0  0.015          0.271          0.012          0.003          0.000          0.004          0.004          0.000
1  0.013          0.442          0.118          0.054          0.021          0.080          0.096          0.000
2  0.011          0.502          0.136          0.057          0.033          0.103          0.118          0.000
3  0.009          0.480          0.125          0.053          0.033          0.091          0.108          0.000
4  0.009          0.568          0.148          0.073          0.046          0.122          0.141          0.001
5  0.008          0.591          0.152          0.055          0.041          0.104          0.119          0.000
6  0.007          0.506          0.108          0.063          0.040          0.082          0.105          0.000
7  0.005          0.528          0.139          0.084          0.052          0.108          0.126          0.000
8  0.006          0.562          0.109          0.069          0.038          0.086          0.096          0.000
9  0.005          0.595          0.134          0.082          0.040          0.082          0.102          0.000
10 0.004          0.640          0.103          0.077          0.037          0.080          0.096          0.000
11 0.004          0.567          0.099          0.087          0.043          0.078          0.098          0.000
12 0.005          0.635          0.097          0.101          0.047          0.083          0.104          0.000
13 0.006          0.591          0.074          0.096          0.035          0.060          0.091          0.001
14 0.006          0.604          0.069          0.079          0.035          0.056          0.077          0.001
