# /root/work/atlasA/mlp_00000.npz width 128 depth 16 N 500000 (noise-corrected with pair)
l  noise           none           wick        closure         engine  engine_reg211 engine_zero211           true
0  0.043          0.268          0.005          0.006          0.004          0.000          0.000          0.002
1  0.030          0.447          0.080          0.033          0.011          0.052          0.062          0.002
2  0.023          0.483          0.091          0.031          0.016          0.066          0.076          0.000
3  0.015          0.470          0.088          0.030          0.018          0.060          0.077          0.000
4  0.014          0.495          0.106          0.039          0.026          0.076          0.094          0.000
5  0.013          0.540          0.111          0.042          0.025          0.076          0.096          0.000
6  0.012          0.505          0.102          0.044          0.025          0.073          0.097          0.000
7  0.009          0.509          0.105          0.042          0.027          0.070          0.100          0.000
8  0.009          0.531          0.108          0.063          0.036          0.069          0.113          0.000
9  0.008          0.500          0.093          0.048          0.028          0.058          0.089          0.000
10 0.008          0.543          0.099          0.062          0.033          0.062          0.092          0.000
11 0.008          0.528          0.101          0.050          0.031          0.059          0.094          0.000
12 0.006          0.603          0.073          0.061          0.026          0.039          0.075          0.000
13 0.005          0.635          0.076          0.053          0.026          0.045          0.078          0.000
14 0.008          0.623          0.080          0.067          0.030          0.053          0.084          0.000
