# /root/work/atlas64/mlp_00000.npz width 64 depth 16 N 1000000 (noise-corrected with pair)
l  noise           none           wick        closure         engine  engine_reg211 engine_zero211           true
0  0.015          0.271          0.012          0.003          0.000          0.004          0.004          0.000
1  0.013          0.442          0.118          0.053          0.021          0.080          0.095          0.000
2  0.011          0.501          0.135          0.056          0.031          0.102          0.117          0.000
3  0.009          0.480          0.124          0.052          0.030          0.091          0.108          0.000
4  0.009          0.568          0.147          0.072          0.045          0.122          0.140          0.001
5  0.008          0.590          0.151          0.052          0.038          0.102          0.116          0.000
6  0.007          0.507          0.109          0.061          0.039          0.082          0.105          0.000
7  0.005          0.527          0.139          0.078          0.049          0.106          0.123          0.000
8  0.006          0.561          0.110          0.067          0.037          0.085          0.095          0.000
9  0.005          0.594          0.136          0.078          0.037          0.080          0.100          0.000
10 0.004          0.639          0.103          0.071          0.034          0.078          0.093          0.000
11 0.004          0.569          0.102          0.084          0.043          0.079          0.098          0.000
12 0.005          0.634          0.099          0.097          0.048          0.081          0.102          0.000
13 0.006          0.595          0.077          0.095          0.038          0.062          0.092          0.001
14 0.006          0.602          0.069          0.077          0.033          0.055          0.077          0.001
