net 1: chain chain_off1_fk_base.npz, truth mc2_off1_full.npz
layer | energy shares S0 S1 S2 A1 A2: truth / chain / chain error (error energy over truth energy) | read-weighted error shares | rank-2 keeps of the chain table (S1+A1, S2+A2) | S2, A2 truth capture at ranks 2/8/16/32/64/128
 1 nc | chain error minus noise, plain: +0.0000 +0.0000 +0.0000 +0.0000 +0.0000 | read-weighted: +0.0000 +0.0000 +0.0000 -0.0000 +0.0000 | noise/error plain 0.993
 1 | 0.000 0.164 0.336 0.164 0.337 / 0.000 0.164 0.335 0.165 0.335 / 0.000 0.000 0.003 0.000 0.003 (err 0.0069) | 0.000 0.000 0.003 0.000 0.003 (err 0.0065) | 0.998 0.015 | 0.014 0.054 0.102 0.187 0.329 0.534 ; 0.015 0.055 0.103 0.189 0.330 0.536
 2 nc | chain error minus noise, plain: -0.0000 +0.0000 +0.0005 +0.0000 +0.0005 | read-weighted: -0.0000 +0.0000 +0.0004 +0.0000 +0.0004 | noise/error plain 0.761
 2 | 0.000 0.264 0.236 0.263 0.236 / 0.000 0.265 0.236 0.264 0.236 / 0.000 0.000 0.002 0.000 0.002 (err 0.0041) | 0.000 0.000 0.002 0.000 0.002 (err 0.0038) | 0.999 0.025 | 0.020 0.072 0.133 0.237 0.395 0.605 ; 0.019 0.068 0.128 0.231 0.390 0.604
 3 nc | chain error minus noise, plain: +0.0000 +0.0000 +0.0006 +0.0000 +0.0006 | read-weighted: +0.0000 +0.0000 +0.0006 +0.0000 +0.0005 | noise/error plain 0.565
 3 | 0.000 0.312 0.188 0.312 0.188 / 0.000 0.312 0.187 0.313 0.187 / 0.000 0.000 0.001 0.000 0.001 (err 0.0030) | 0.000 0.000 0.001 0.000 0.001 (err 0.0026) | 0.999 0.037 | 0.025 0.087 0.159 0.277 0.448 0.658 ; 0.024 0.086 0.157 0.273 0.445 0.661
 4 nc | chain error minus noise, plain: -0.0000 +0.0000 +0.0008 +0.0000 +0.0008 | read-weighted: -0.0000 +0.0000 +0.0007 +0.0000 +0.0007 | noise/error plain 0.388
 4 | 0.000 0.332 0.167 0.333 0.167 / 0.000 0.332 0.168 0.333 0.167 / 0.000 0.000 0.001 0.000 0.001 (err 0.0027) | 0.000 0.000 0.001 0.000 0.001 (err 0.0023) | 0.999 0.049 | 0.032 0.109 0.191 0.321 0.501 0.705 ; 0.031 0.106 0.190 0.321 0.502 0.709
 5 nc | chain error minus noise, plain: +0.0000 +0.0001 +0.0011 +0.0001 +0.0011 | read-weighted: +0.0000 +0.0001 +0.0009 +0.0001 +0.0009 | noise/error plain 0.230
 5 | 0.001 0.350 0.148 0.353 0.148 / 0.001 0.349 0.149 0.352 0.149 / 0.000 0.000 0.001 0.000 0.001 (err 0.0030) | 0.000 0.000 0.001 0.000 0.001 (err 0.0024) | 1.000 0.069 | 0.043 0.134 0.226 0.367 0.552 0.743 ; 0.043 0.135 0.227 0.369 0.553 0.749
 6 nc | chain error minus noise, plain: +0.0000 +0.0001 +0.0011 +0.0001 +0.0011 | read-weighted: +0.0000 +0.0001 +0.0009 +0.0001 +0.0009 | noise/error plain 0.158
 6 | 0.000 0.372 0.127 0.373 0.127 / 0.000 0.370 0.130 0.371 0.130 / 0.000 0.000 0.001 0.000 0.001 (err 0.0028) | 0.000 0.000 0.001 0.000 0.001 (err 0.0022) | 1.000 0.093 | 0.060 0.168 0.273 0.420 0.597 0.773 ; 0.061 0.164 0.271 0.418 0.600 0.780
 7 nc | chain error minus noise, plain: +0.0000 +0.0001 +0.0012 +0.0001 +0.0012 | read-weighted: +0.0000 +0.0001 +0.0010 +0.0001 +0.0010 | noise/error plain 0.110
 7 | 0.000 0.378 0.121 0.380 0.121 / 0.000 0.375 0.124 0.377 0.124 / 0.000 0.000 0.001 0.000 0.001 (err 0.0029) | 0.000 0.000 0.001 0.000 0.001 (err 0.0023) | 1.000 0.119 | 0.083 0.200 0.315 0.464 0.638 0.799 ; 0.083 0.199 0.315 0.466 0.644 0.807
 8 nc | chain error minus noise, plain: -0.0000 +0.0001 +0.0014 +0.0001 +0.0014 | read-weighted: -0.0000 +0.0001 +0.0012 +0.0001 +0.0012 | noise/error plain 0.075
 8 | 0.000 0.384 0.116 0.384 0.115 / 0.000 0.380 0.120 0.380 0.120 / 0.000 0.000 0.002 0.000 0.002 (err 0.0033) | 0.000 0.000 0.001 0.000 0.001 (err 0.0027) | 1.000 0.139 | 0.092 0.226 0.349 0.500 0.670 0.820 ; 0.090 0.226 0.348 0.501 0.673 0.829
 9 nc | chain error minus noise, plain: +0.0000 +0.0001 +0.0016 +0.0001 +0.0016 | read-weighted: +0.0000 +0.0001 +0.0013 +0.0001 +0.0013 | noise/error plain 0.056
 9 | 0.000 0.382 0.117 0.383 0.117 / 0.000 0.377 0.122 0.378 0.123 / 0.000 0.000 0.002 0.000 0.002 (err 0.0037) | 0.000 0.000 0.001 0.000 0.001 (err 0.0028) | 1.000 0.156 | 0.106 0.240 0.369 0.525 0.692 0.834 ; 0.107 0.244 0.371 0.528 0.699 0.845
10 nc | chain error minus noise, plain: +0.0000 +0.0001 +0.0018 +0.0001 +0.0018 | read-weighted: +0.0000 +0.0001 +0.0015 +0.0001 +0.0015 | noise/error plain 0.041
10 | 0.002 0.379 0.120 0.379 0.119 / 0.002 0.373 0.126 0.373 0.126 / 0.000 0.000 0.002 0.000 0.002 (err 0.0041) | 0.000 0.000 0.002 0.000 0.002 (err 0.0031) | 1.000 0.181 | 0.124 0.287 0.412 0.565 0.723 0.851 ; 0.124 0.287 0.413 0.568 0.731 0.862
11 nc | chain error minus noise, plain: +0.0000 +0.0001 +0.0019 +0.0001 +0.0019 | read-weighted: +0.0000 +0.0001 +0.0016 +0.0001 +0.0015 | noise/error plain 0.029
11 | 0.002 0.391 0.107 0.392 0.107 / 0.002 0.385 0.114 0.386 0.113 / 0.000 0.000 0.002 0.000 0.002 (err 0.0042) | 0.000 0.000 0.002 0.000 0.002 (err 0.0030) | 1.000 0.206 | 0.146 0.323 0.457 0.607 0.752 0.867 ; 0.145 0.320 0.457 0.611 0.761 0.880
12 nc | chain error minus noise, plain: +0.0000 +0.0002 +0.0021 +0.0002 +0.0021 | read-weighted: +0.0000 +0.0002 +0.0017 +0.0002 +0.0017 | noise/error plain 0.021
12 | 0.000 0.396 0.103 0.396 0.104 / 0.000 0.388 0.112 0.388 0.112 / 0.000 0.000 0.002 0.000 0.002 (err 0.0048) | 0.000 0.000 0.002 0.000 0.002 (err 0.0033) | 1.000 0.244 | 0.185 0.356 0.488 0.636 0.773 0.879 ; 0.186 0.357 0.492 0.643 0.785 0.894
13 nc | chain error minus noise, plain: +0.0000 +0.0002 +0.0024 +0.0002 +0.0024 | read-weighted: +0.0000 +0.0002 +0.0019 +0.0002 +0.0019 | noise/error plain 0.017
13 | 0.002 0.395 0.104 0.395 0.104 / 0.002 0.386 0.112 0.386 0.113 / 0.000 0.000 0.002 0.000 0.002 (err 0.0053) | 0.000 0.000 0.002 0.000 0.002 (err 0.0036) | 1.000 0.251 | 0.184 0.357 0.493 0.644 0.780 0.884 ; 0.185 0.361 0.499 0.653 0.793 0.899
14 nc | chain error minus noise, plain: +0.0000 +0.0002 +0.0025 +0.0002 +0.0025 | read-weighted: +0.0000 +0.0002 +0.0020 +0.0002 +0.0020 | noise/error plain 0.013
14 | 0.001 0.404 0.095 0.404 0.096 / 0.001 0.395 0.104 0.395 0.105 / 0.000 0.000 0.003 0.000 0.003 (err 0.0055) | 0.000 0.000 0.002 0.000 0.002 (err 0.0037) | 1.000 0.291 | 0.229 0.414 0.540 0.680 0.805 0.897 ; 0.232 0.418 0.545 0.687 0.818 0.913

[exit 0 after 23s on 24 visible cores, cpu=8.0]
