net 0: chain chain_off0_fk_base.npz, truth mc2_off0_full.npz
layer | energy shares S0 S1 S2 A1 A2: truth / chain / chain error (error energy over truth energy) | read-weighted error shares | rank-2 keeps of the chain table (S1+A1, S2+A2) | S2, A2 truth capture at ranks 2/8/16/32/64/128
 1 nc | chain error minus noise, plain: -0.0000 +0.0000 -0.0000 +0.0000 -0.0000 | read-weighted: -0.0000 +0.0000 -0.0000 +0.0000 -0.0000 | noise/error plain 1.004
 1 | 0.001 0.152 0.347 0.152 0.347 / 0.001 0.153 0.346 0.153 0.346 / 0.000 0.000 0.004 0.000 0.004 (err 0.0071) | 0.000 0.000 0.003 0.000 0.003 (err 0.0066) | 0.998 0.014 | 0.014 0.054 0.102 0.187 0.329 0.535 ; 0.014 0.053 0.102 0.187 0.328 0.534
 2 nc | chain error minus noise, plain: +0.0000 +0.0000 +0.0005 +0.0000 +0.0005 | read-weighted: +0.0000 +0.0000 +0.0004 +0.0000 +0.0004 | noise/error plain 0.754
 2 | 0.000 0.275 0.225 0.275 0.225 / 0.000 0.276 0.224 0.276 0.224 / 0.000 0.000 0.002 0.000 0.002 (err 0.0039) | 0.000 0.000 0.002 0.000 0.002 (err 0.0034) | 0.999 0.024 | 0.019 0.069 0.129 0.232 0.389 0.602 ; 0.018 0.068 0.127 0.230 0.388 0.602
 3 nc | chain error minus noise, plain: -0.0000 +0.0000 +0.0007 +0.0000 +0.0006 | read-weighted: -0.0000 +0.0000 +0.0006 +0.0000 +0.0006 | noise/error plain 0.546
 3 | 0.000 0.321 0.179 0.320 0.180 / 0.000 0.321 0.179 0.320 0.180 / 0.000 0.000 0.001 0.000 0.001 (err 0.0030) | 0.000 0.000 0.001 0.000 0.001 (err 0.0026) | 0.999 0.037 | 0.026 0.087 0.157 0.275 0.447 0.657 ; 0.027 0.089 0.160 0.277 0.449 0.661
 4 nc | chain error minus noise, plain: +0.0000 +0.0000 +0.0008 +0.0000 +0.0008 | read-weighted: +0.0000 +0.0000 +0.0006 +0.0000 +0.0007 | noise/error plain 0.381
 4 | 0.000 0.347 0.152 0.348 0.153 / 0.000 0.347 0.152 0.348 0.153 / 0.000 0.000 0.001 0.000 0.001 (err 0.0026) | 0.000 0.000 0.001 0.000 0.001 (err 0.0022) | 1.000 0.056 | 0.038 0.115 0.197 0.324 0.503 0.705 ; 0.037 0.114 0.197 0.325 0.504 0.709
 5 nc | chain error minus noise, plain: +0.0000 +0.0001 +0.0010 +0.0001 +0.0010 | read-weighted: +0.0000 +0.0001 +0.0009 +0.0001 +0.0009 | noise/error plain 0.232
 5 | 0.000 0.359 0.140 0.361 0.140 / 0.000 0.358 0.141 0.360 0.141 / 0.000 0.000 0.001 0.000 0.001 (err 0.0029) | 0.000 0.000 0.001 0.000 0.001 (err 0.0025) | 1.000 0.077 | 0.054 0.144 0.235 0.370 0.548 0.740 ; 0.053 0.142 0.233 0.370 0.552 0.747
 6 nc | chain error minus noise, plain: +0.0000 +0.0001 +0.0011 +0.0001 +0.0011 | read-weighted: +0.0000 +0.0001 +0.0010 +0.0001 +0.0010 | noise/error plain 0.165
 6 | 0.000 0.371 0.129 0.371 0.129 / 0.000 0.369 0.131 0.369 0.131 / 0.000 0.000 0.001 0.000 0.001 (err 0.0028) | 0.000 0.000 0.001 0.000 0.001 (err 0.0024) | 1.000 0.095 | 0.067 0.164 0.261 0.407 0.588 0.769 ; 0.066 0.163 0.260 0.409 0.594 0.777
 7 nc | chain error minus noise, plain: +0.0000 +0.0001 +0.0013 +0.0001 +0.0012 | read-weighted: +0.0000 +0.0001 +0.0011 +0.0001 +0.0011 | noise/error plain 0.114
 7 | 0.005 0.373 0.124 0.373 0.124 / 0.005 0.370 0.127 0.370 0.127 / 0.000 0.000 0.001 0.000 0.001 (err 0.0030) | 0.000 0.000 0.001 0.000 0.001 (err 0.0024) | 1.000 0.114 | 0.080 0.191 0.301 0.449 0.627 0.793 ; 0.078 0.187 0.296 0.446 0.627 0.801
 8 nc | chain error minus noise, plain: +0.0000 +0.0001 +0.0014 +0.0001 +0.0014 | read-weighted: +0.0000 +0.0001 +0.0012 +0.0001 +0.0012 | noise/error plain 0.077
 8 | 0.000 0.383 0.117 0.383 0.117 / 0.000 0.379 0.120 0.380 0.121 / 0.000 0.000 0.002 0.000 0.002 (err 0.0033) | 0.000 0.000 0.001 0.000 0.001 (err 0.0026) | 1.000 0.144 | 0.099 0.223 0.332 0.481 0.654 0.811 ; 0.100 0.220 0.329 0.482 0.660 0.822
 9 nc | chain error minus noise, plain: +0.0000 +0.0002 +0.0016 +0.0001 +0.0015 | read-weighted: +0.0000 +0.0001 +0.0012 +0.0001 +0.0012 | noise/error plain 0.056
 9 | 0.005 0.387 0.111 0.386 0.111 / 0.005 0.382 0.116 0.381 0.116 / 0.000 0.000 0.002 0.000 0.002 (err 0.0036) | 0.000 0.000 0.001 0.000 0.001 (err 0.0027) | 1.000 0.162 | 0.116 0.249 0.365 0.520 0.685 0.829 ; 0.113 0.246 0.363 0.522 0.690 0.840
10 nc | chain error minus noise, plain: +0.0000 +0.0001 +0.0017 +0.0001 +0.0017 | read-weighted: +0.0000 +0.0001 +0.0014 +0.0001 +0.0014 | noise/error plain 0.043
10 | 0.001 0.394 0.105 0.395 0.106 / 0.001 0.388 0.111 0.389 0.111 / 0.000 0.000 0.002 0.000 0.002 (err 0.0038) | 0.000 0.000 0.001 0.000 0.001 (err 0.0028) | 1.000 0.187 | 0.136 0.274 0.396 0.552 0.712 0.845 ; 0.136 0.277 0.400 0.555 0.720 0.857
11 nc | chain error minus noise, plain: +0.0000 +0.0002 +0.0018 +0.0002 +0.0018 | read-weighted: +0.0000 +0.0001 +0.0015 +0.0001 +0.0014 | noise/error plain 0.031
11 | 0.000 0.400 0.099 0.402 0.099 / 0.000 0.393 0.105 0.396 0.106 / 0.000 0.000 0.002 0.000 0.002 (err 0.0041) | 0.000 0.000 0.002 0.000 0.001 (err 0.0028) | 1.000 0.228 | 0.168 0.317 0.440 0.592 0.740 0.860 ; 0.171 0.318 0.444 0.598 0.752 0.875
12 nc | chain error minus noise, plain: +0.0000 +0.0002 +0.0018 +0.0002 +0.0018 | read-weighted: +0.0000 +0.0002 +0.0015 +0.0002 +0.0015 | noise/error plain 0.023
12 | 0.000 0.410 0.090 0.411 0.090 / 0.000 0.403 0.096 0.404 0.096 / 0.000 0.000 0.002 0.000 0.002 (err 0.0040) | 0.000 0.000 0.002 0.000 0.002 (err 0.0029) | 1.000 0.276 | 0.232 0.369 0.485 0.632 0.772 0.877 ; 0.234 0.370 0.489 0.638 0.783 0.893
13 nc | chain error minus noise, plain: +0.0000 +0.0002 +0.0020 +0.0002 +0.0020 | read-weighted: +0.0000 +0.0002 +0.0017 +0.0002 +0.0017 | noise/error plain 0.018
13 | 0.001 0.409 0.089 0.411 0.090 / 0.001 0.402 0.097 0.403 0.097 / 0.000 0.000 0.002 0.000 0.002 (err 0.0044) | 0.000 0.000 0.002 0.000 0.002 (err 0.0031) | 1.000 0.314 | 0.270 0.410 0.528 0.670 0.796 0.891 ; 0.273 0.415 0.534 0.679 0.811 0.909
14 nc | chain error minus noise, plain: +0.0000 +0.0002 +0.0022 +0.0002 +0.0022 | read-weighted: +0.0000 +0.0002 +0.0018 +0.0002 +0.0018 | noise/error plain 0.014
14 | 0.000 0.410 0.090 0.410 0.090 / 0.000 0.402 0.099 0.401 0.098 / 0.000 0.000 0.002 0.000 0.002 (err 0.0049) | 0.000 0.000 0.002 0.000 0.002 (err 0.0033) | 1.000 0.335 | 0.288 0.433 0.550 0.688 0.811 0.900 ; 0.289 0.433 0.551 0.695 0.824 0.917

[exit 0 after 24s on 24 visible cores, cpu=8.0]
