net 1 slice K22: chain chain_off1_fk_base.npz, truth mc2_off1_full.npz
layer | energy shares S0 S1 S2 A1 A2: truth / chain / chain error (error energy over truth energy) | read-weighted error shares | rank-2 keeps of the chain table (S1+A1, S2+A2) | S2, A2 truth capture at ranks 2/8/16/32/64/128
 1 nc | chain error minus noise, plain: +0.0000 +0.0026 +0.0092 +0.0000 +0.0000 | read-weighted: +0.0000 +0.0026 +0.0092 +0.0000 +0.0000 | noise/error plain 0.679
 1 | 0.958 0.008 0.034 0.000 0.000 / 0.998 0.002 0.000 0.000 0.000 / 0.000 0.003 0.034 0.000 0.000 (err 0.0370) | 0.000 0.003 0.034 0.000 0.000 (err 0.0370) | 1.002 9870647745.992 | 0.010 0.036 0.069 0.127 0.229 0.399 ; nan nan nan nan nan nan
 2 nc | chain error minus noise, plain: +0.0000 +0.0038 +0.0105 +0.0000 +0.0000 | read-weighted: +0.0000 +0.0038 +0.0104 +0.0000 +0.0000 | noise/error plain 0.404
 2 | 0.969 0.011 0.020 0.000 0.000 / 0.997 0.003 0.000 0.000 0.000 / 0.000 0.004 0.020 0.000 0.000 (err 0.0240) | 0.000 0.004 0.020 0.000 0.000 (err 0.0239) | 1.002 6886591888.130 | 0.012 0.042 0.079 0.142 0.246 0.416 ; nan nan nan nan nan nan
 3 nc | chain error minus noise, plain: +0.0001 +0.0035 +0.0117 +0.0000 +0.0000 | read-weighted: +0.0001 +0.0035 +0.0116 +0.0000 +0.0000 | noise/error plain 0.269
 3 | 0.971 0.012 0.017 0.000 0.000 / 0.996 0.004 0.000 0.000 0.000 / 0.000 0.004 0.017 0.000 0.000 (err 0.0209) | 0.000 0.004 0.017 0.000 0.000 (err 0.0207) | 1.002 4376409596.822 | 0.014 0.050 0.091 0.160 0.269 0.439 ; nan nan nan nan nan nan
 4 nc | chain error minus noise, plain: +0.0002 +0.0042 +0.0131 +0.0000 +0.0000 | read-weighted: +0.0002 +0.0040 +0.0129 +0.0000 +0.0000 | noise/error plain 0.170
 4 | 0.970 0.014 0.017 0.000 0.000 / 0.994 0.006 0.000 0.000 0.000 / 0.000 0.004 0.017 0.000 0.000 (err 0.0211) | 0.000 0.004 0.016 0.000 0.000 (err 0.0205) | 1.002 7212380092.140 | 0.018 0.064 0.113 0.187 0.298 0.468 ; nan nan nan nan nan nan
 5 nc | chain error minus noise, plain: +0.0005 +0.0046 +0.0163 +0.0000 +0.0000 | read-weighted: +0.0006 +0.0045 +0.0160 +0.0000 +0.0000 | noise/error plain 0.111
 5 | 0.965 0.016 0.019 0.000 0.000 / 0.992 0.008 0.000 0.000 0.000 / 0.001 0.005 0.019 0.000 0.000 (err 0.0241) | 0.001 0.005 0.019 0.000 0.000 (err 0.0230) | 1.002 9212605564.199 | 0.024 0.079 0.136 0.217 0.331 0.499 ; nan nan nan nan nan nan
 6 nc | chain error minus noise, plain: +0.0011 +0.0057 +0.0184 +0.0000 +0.0000 | read-weighted: +0.0012 +0.0059 +0.0180 +0.0000 +0.0000 | noise/error plain 0.072
 6 | 0.960 0.020 0.020 0.000 0.000 / 0.990 0.010 0.000 0.000 0.000 / 0.001 0.006 0.020 0.000 0.000 (err 0.0272) | 0.001 0.006 0.020 0.000 0.000 (err 0.0257) | 1.002 4568571300.969 | 0.029 0.098 0.162 0.248 0.366 0.533 ; nan nan nan nan nan nan
 7 nc | chain error minus noise, plain: +0.0015 +0.0074 +0.0211 +0.0000 +0.0000 | read-weighted: +0.0016 +0.0071 +0.0206 +0.0000 +0.0000 | noise/error plain 0.050
 7 | 0.950 0.027 0.023 0.000 0.000 / 0.986 0.014 0.000 0.000 0.000 / 0.002 0.007 0.023 0.000 0.000 (err 0.0316) | 0.002 0.007 0.022 0.000 0.000 (err 0.0292) | 1.002 7566476832.351 | 0.041 0.122 0.192 0.282 0.402 0.566 ; nan nan nan nan nan nan
 8 nc | chain error minus noise, plain: +0.0025 +0.0088 +0.0253 +0.0000 +0.0000 | read-weighted: +0.0027 +0.0081 +0.0242 +0.0000 +0.0000 | noise/error plain 0.036
 8 | 0.941 0.032 0.027 0.000 0.000 / 0.984 0.016 0.000 0.000 0.000 / 0.003 0.009 0.027 0.000 0.000 (err 0.0380) | 0.003 0.008 0.026 0.000 0.000 (err 0.0336) | 1.002 9627393279.352 | 0.045 0.137 0.213 0.307 0.431 0.595 ; nan nan nan nan nan nan
 9 nc | chain error minus noise, plain: +0.0032 +0.0099 +0.0291 +0.0000 +0.0000 | read-weighted: +0.0035 +0.0097 +0.0286 +0.0000 +0.0000 | noise/error plain 0.027
 9 | 0.936 0.034 0.030 0.000 0.000 / 0.982 0.018 0.000 0.000 0.000 / 0.003 0.010 0.030 0.000 0.000 (err 0.0433) | 0.004 0.010 0.030 0.000 0.000 (err 0.0387) | 1.002 6454783421.921 | 0.051 0.149 0.226 0.324 0.450 0.613 ; nan nan nan nan nan nan
10 nc | chain error minus noise, plain: +0.0036 +0.0126 +0.0350 +0.0000 +0.0000 | read-weighted: +0.0040 +0.0121 +0.0334 +0.0000 +0.0000 | noise/error plain 0.020
10 | 0.923 0.041 0.036 0.000 0.000 / 0.980 0.020 0.000 0.000 0.000 / 0.004 0.013 0.036 0.000 0.000 (err 0.0522) | 0.004 0.012 0.034 0.000 0.000 (err 0.0456) | 1.002 5514294463.409 | 0.071 0.182 0.265 0.363 0.489 0.646 ; nan nan nan nan nan nan
11 nc | chain error minus noise, plain: +0.0063 +0.0183 +0.0407 +0.0000 +0.0000 | read-weighted: +0.0075 +0.0176 +0.0397 +0.0000 +0.0000 | noise/error plain 0.014
11 | 0.907 0.051 0.042 0.000 0.000 / 0.977 0.023 0.000 0.000 0.000 / 0.006 0.018 0.042 0.000 0.000 (err 0.0662) | 0.008 0.018 0.041 0.000 0.000 (err 0.0544) | 1.002 7328578989.961 | 0.079 0.219 0.306 0.406 0.530 0.680 ; nan nan nan nan nan nan
12 nc | chain error minus noise, plain: +0.0091 +0.0239 +0.0455 +0.0000 +0.0000 | read-weighted: +0.0109 +0.0234 +0.0447 +0.0000 +0.0000 | noise/error plain 0.011
12 | 0.888 0.066 0.046 0.000 0.000 / 0.972 0.028 0.000 0.000 0.000 / 0.009 0.024 0.046 0.000 0.000 (err 0.0793) | 0.011 0.023 0.046 0.000 0.000 (err 0.0648) | 1.002 8213331784.715 | 0.093 0.237 0.327 0.431 0.556 0.704 ; nan nan nan nan nan nan
13 nc | chain error minus noise, plain: +0.0085 +0.0256 +0.0507 +0.0000 +0.0000 | read-weighted: +0.0103 +0.0249 +0.0515 +0.0000 +0.0000 | noise/error plain 0.009
13 | 0.882 0.067 0.051 0.000 0.000 / 0.971 0.029 0.000 0.000 0.000 / 0.009 0.026 0.051 0.000 0.000 (err 0.0856) | 0.010 0.025 0.052 0.000 0.000 (err 0.0722) | 1.002 8885569289.919 | 0.088 0.231 0.331 0.438 0.566 0.712 ; nan nan nan nan nan nan
14 nc | chain error minus noise, plain: +0.0156 +0.0361 +0.0533 +0.0000 +0.0000 | read-weighted: +0.0205 +0.0341 +0.0538 +0.0000 +0.0000 | noise/error plain 0.006
14 | 0.858 0.088 0.054 0.000 0.000 / 0.968 0.032 0.000 0.000 0.000 / 0.016 0.036 0.054 0.000 0.000 (err 0.1057) | 0.021 0.034 0.055 0.000 0.000 (err 0.0796) | 1.002 8992940738.827 | 0.127 0.287 0.383 0.487 0.607 0.743 ; nan nan nan nan nan nan

[exit 0 after 23s on 24 visible cores, cpu=8.0]
