net 0 slice K22: chain chain_off0_fk_base.npz, truth mc2_off0_full.npz
layer | energy shares S0 S1 S2 A1 A2: truth / chain / chain error (error energy over truth energy) | read-weighted error shares | rank-2 keeps of the chain table (S1+A1, S2+A2) | S2, A2 truth capture at ranks 2/8/16/32/64/128
 1 nc | chain error minus noise, plain: +0.0000 +0.0023 +0.0086 +0.0000 +0.0000 | read-weighted: +0.0000 +0.0024 +0.0086 +0.0000 +0.0000 | noise/error plain 0.689
 1 | 0.960 0.007 0.033 0.000 0.000 / 0.998 0.002 0.000 0.000 0.000 / 0.000 0.003 0.033 0.000 0.000 (err 0.0351) | 0.000 0.003 0.033 0.000 0.000 (err 0.0351) | 1.002 10579099045.444 | 0.010 0.036 0.069 0.126 0.228 0.396 ; nan nan nan nan nan nan
 2 nc | chain error minus noise, plain: -0.0000 +0.0032 +0.0090 +0.0000 +0.0000 | read-weighted: -0.0000 +0.0033 +0.0090 +0.0000 +0.0000 | noise/error plain 0.400
 2 | 0.974 0.009 0.017 0.000 0.000 / 0.997 0.003 0.000 0.000 0.000 / 0.000 0.003 0.017 0.000 0.000 (err 0.0203) | 0.000 0.003 0.017 0.000 0.000 (err 0.0203) | 1.002 9571227957.899 | 0.012 0.042 0.079 0.141 0.246 0.416 ; nan nan nan nan nan nan
 3 nc | chain error minus noise, plain: +0.0000 +0.0033 +0.0102 +0.0000 +0.0000 | read-weighted: +0.0000 +0.0034 +0.0101 +0.0000 +0.0000 | noise/error plain 0.264
 3 | 0.974 0.011 0.015 0.000 0.000 / 0.996 0.004 0.000 0.000 0.000 / 0.000 0.003 0.015 0.000 0.000 (err 0.0183) | 0.000 0.004 0.015 0.000 0.000 (err 0.0182) | 1.002 4567822682.888 | 0.015 0.051 0.093 0.162 0.270 0.440 ; nan nan nan nan nan nan
 4 nc | chain error minus noise, plain: +0.0001 +0.0037 +0.0117 +0.0000 +0.0000 | read-weighted: +0.0001 +0.0036 +0.0116 +0.0000 +0.0000 | noise/error plain 0.172
 4 | 0.971 0.014 0.015 0.000 0.000 / 0.994 0.006 0.000 0.000 0.000 / 0.000 0.004 0.015 0.000 0.000 (err 0.0187) | 0.000 0.004 0.015 0.000 0.000 (err 0.0181) | 1.002 8484369895.010 | 0.018 0.064 0.113 0.188 0.300 0.470 ; nan nan nan nan nan nan
 5 nc | chain error minus noise, plain: +0.0003 +0.0047 +0.0141 +0.0000 +0.0000 | read-weighted: +0.0003 +0.0044 +0.0138 +0.0000 +0.0000 | noise/error plain 0.112
 5 | 0.965 0.018 0.016 0.000 0.000 / 0.991 0.009 0.000 0.000 0.000 / 0.000 0.005 0.016 0.000 0.000 (err 0.0215) | 0.000 0.004 0.016 0.000 0.000 (err 0.0204) | 1.002 8563950898.693 | 0.027 0.082 0.136 0.217 0.331 0.499 ; nan nan nan nan nan nan
 6 nc | chain error minus noise, plain: +0.0006 +0.0059 +0.0171 +0.0000 +0.0000 | read-weighted: +0.0006 +0.0056 +0.0168 +0.0000 +0.0000 | noise/error plain 0.076
 6 | 0.959 0.022 0.019 0.000 0.000 / 0.989 0.011 0.000 0.000 0.000 / 0.001 0.006 0.019 0.000 0.000 (err 0.0256) | 0.001 0.006 0.019 0.000 0.000 (err 0.0238) | 1.002 4903070102.809 | 0.031 0.096 0.159 0.245 0.363 0.530 ; nan nan nan nan nan nan
 7 nc | chain error minus noise, plain: +0.0011 +0.0070 +0.0206 +0.0000 +0.0000 | read-weighted: +0.0012 +0.0066 +0.0198 +0.0000 +0.0000 | noise/error plain 0.053
 7 | 0.953 0.025 0.022 0.000 0.000 / 0.987 0.013 0.000 0.000 0.000 / 0.001 0.007 0.022 0.000 0.000 (err 0.0303) | 0.001 0.007 0.021 0.000 0.000 (err 0.0276) | 1.002 6587594074.481 | 0.037 0.113 0.180 0.272 0.392 0.557 ; nan nan nan nan nan nan
 8 nc | chain error minus noise, plain: +0.0022 +0.0083 +0.0229 +0.0000 +0.0000 | read-weighted: +0.0025 +0.0072 +0.0220 +0.0000 +0.0000 | noise/error plain 0.036
 8 | 0.946 0.030 0.024 0.000 0.000 / 0.985 0.015 0.000 0.000 0.000 / 0.002 0.008 0.024 0.000 0.000 (err 0.0346) | 0.002 0.007 0.023 0.000 0.000 (err 0.0298) | 1.002 6696348509.067 | 0.046 0.133 0.206 0.300 0.422 0.586 ; nan nan nan nan nan nan
 9 nc | chain error minus noise, plain: +0.0026 +0.0099 +0.0259 +0.0000 +0.0000 | read-weighted: +0.0029 +0.0096 +0.0255 +0.0000 +0.0000 | noise/error plain 0.028
 9 | 0.939 0.034 0.027 0.000 0.000 / 0.983 0.017 0.000 0.000 0.000 / 0.003 0.010 0.027 0.000 0.000 (err 0.0394) | 0.003 0.010 0.027 0.000 0.000 (err 0.0349) | 1.002 5256261776.390 | 0.060 0.155 0.231 0.326 0.448 0.609 ; nan nan nan nan nan nan
10 nc | chain error minus noise, plain: +0.0032 +0.0135 +0.0294 +0.0000 +0.0000 | read-weighted: +0.0036 +0.0121 +0.0285 +0.0000 +0.0000 | noise/error plain 0.021
10 | 0.927 0.043 0.030 0.000 0.000 / 0.980 0.020 0.000 0.000 0.000 / 0.003 0.014 0.030 0.000 0.000 (err 0.0470) | 0.004 0.012 0.029 0.000 0.000 (err 0.0393) | 1.002 5958552247.650 | 0.061 0.170 0.251 0.348 0.471 0.629 ; nan nan nan nan nan nan
11 nc | chain error minus noise, plain: +0.0054 +0.0170 +0.0334 +0.0000 +0.0000 | read-weighted: +0.0063 +0.0172 +0.0323 +0.0000 +0.0000 | noise/error plain 0.015
11 | 0.914 0.051 0.034 0.000 0.000 / 0.977 0.023 0.000 0.000 0.000 / 0.005 0.017 0.034 0.000 0.000 (err 0.0567) | 0.006 0.017 0.033 0.000 0.000 (err 0.0468) | 1.002 7792075738.421 | 0.079 0.202 0.288 0.390 0.511 0.663 ; nan nan nan nan nan nan
12 nc | chain error minus noise, plain: +0.0086 +0.0247 +0.0361 +0.0000 +0.0000 | read-weighted: +0.0107 +0.0245 +0.0346 +0.0000 +0.0000 | noise/error plain 0.011
12 | 0.895 0.068 0.037 0.000 0.000 / 0.974 0.026 0.000 0.000 0.000 / 0.009 0.025 0.037 0.000 0.000 (err 0.0702) | 0.011 0.025 0.035 0.000 0.000 (err 0.0525) | 1.002 9011825644.212 | 0.117 0.244 0.338 0.440 0.558 0.699 ; nan nan nan nan nan nan
13 nc | chain error minus noise, plain: +0.0108 +0.0307 +0.0411 +0.0000 +0.0000 | read-weighted: +0.0145 +0.0333 +0.0400 +0.0000 +0.0000 | noise/error plain 0.008
13 | 0.874 0.084 0.042 0.000 0.000 / 0.970 0.030 0.000 0.000 0.000 / 0.011 0.031 0.042 0.000 0.000 (err 0.0833) | 0.015 0.033 0.041 0.000 0.000 (err 0.0586) | 1.002 8326377153.869 | 0.154 0.299 0.392 0.489 0.600 0.731 ; nan nan nan nan nan nan
14 nc | chain error minus noise, plain: +0.0127 +0.0361 +0.0449 +0.0000 +0.0000 | read-weighted: +0.0170 +0.0372 +0.0442 +0.0000 +0.0000 | noise/error plain 0.007
14 | 0.858 0.097 0.045 0.000 0.000 / 0.965 0.035 0.000 0.000 0.000 / 0.013 0.036 0.045 0.000 0.000 (err 0.0943) | 0.017 0.037 0.045 0.000 0.000 (err 0.0693) | 1.002 7579733357.651 | 0.141 0.295 0.392 0.494 0.611 0.742 ; nan nan nan nan nan nan

[exit 0 after 22s on 24 visible cores, cpu=8.0]
