net 1 slice K31: chain chain_off1_fk_base.npz, truth mc2_off1_full.npz
layer | energy shares S0 S1 S2 A1 A2: truth / chain / chain error (error energy over truth energy) | read-weighted error shares | rank-2 keeps of the chain table (S1+A1, S2+A2) | S2, A2 truth capture at ranks 2/8/16/32/64/128
 1 nc | chain error minus noise, plain: +0.0000 +0.0004 +0.2250 +0.0001 +0.0990 | read-weighted: +0.0000 +0.0004 +0.2242 +0.0001 +0.0970 | noise/error plain 0.632
 1 | 0.000 0.001 0.624 0.001 0.374 / 0.000 0.002 0.998 0.000 0.000 / 0.000 0.001 0.506 0.001 0.374 (err 0.8811) | 0.000 0.001 0.504 0.001 0.371 (err 0.8808) | 0.012 0.027 | 0.025 0.089 0.161 0.272 0.424 0.587 ; 0.012 0.047 0.091 0.169 0.302 0.501
 2 nc | chain error minus noise, plain: +0.0000 +0.0006 +0.3151 +0.0003 +0.1513 | read-weighted: +0.0000 +0.0006 +0.3099 +0.0003 +0.1509 | noise/error plain 0.378
 2 | 0.000 0.001 0.707 0.001 0.291 / 0.000 0.002 0.998 0.000 0.000 / 0.000 0.001 0.459 0.001 0.291 (err 0.7517) | 0.000 0.001 0.454 0.001 0.291 (err 0.7537) | 0.055 0.041 | 0.045 0.138 0.235 0.377 0.544 0.690 ; 0.016 0.061 0.114 0.206 0.355 0.563
 3 nc | chain error minus noise, plain: +0.0000 +0.0007 +0.3303 +0.0003 +0.1663 | read-weighted: +0.0000 +0.0007 +0.3217 +0.0003 +0.1656 | noise/error plain 0.242
 3 | 0.000 0.002 0.754 0.000 0.244 / 0.000 0.002 0.998 0.000 0.000 / 0.000 0.001 0.411 0.000 0.244 (err 0.6567) | 0.000 0.001 0.403 0.000 0.244 (err 0.6603) | 0.033 0.059 | 0.074 0.194 0.309 0.467 0.634 0.757 ; 0.022 0.077 0.140 0.247 0.409 0.619
 4 nc | chain error minus noise, plain: +0.0000 +0.0006 +0.3338 +0.0003 +0.1707 | read-weighted: +0.0000 +0.0006 +0.3190 +0.0003 +0.1698 | noise/error plain 0.157
 4 | 0.000 0.002 0.782 0.000 0.216 / 0.000 0.002 0.998 0.000 0.000 / 0.000 0.001 0.382 0.000 0.216 (err 0.5992) | 0.000 0.001 0.368 0.000 0.216 (err 0.6054) | 0.155 0.079 | 0.100 0.241 0.373 0.538 0.697 0.800 ; 0.027 0.091 0.164 0.283 0.455 0.664
 5 nc | chain error minus noise, plain: -0.0000 +0.0008 +0.3342 +0.0004 +0.1794 | read-weighted: -0.0000 +0.0008 +0.3183 +0.0004 +0.1820 | noise/error plain 0.104
 5 | 0.000 0.001 0.790 0.000 0.208 / 0.000 0.002 0.998 0.000 0.000 / 0.000 0.001 0.365 0.000 0.208 (err 0.5744) | 0.000 0.001 0.350 0.000 0.212 (err 0.5839) | 0.127 0.106 | 0.156 0.313 0.447 0.604 0.742 0.829 ; 0.040 0.118 0.200 0.328 0.503 0.702
 6 nc | chain error minus noise, plain: +0.0000 +0.0006 +0.3359 +0.0003 +0.1750 | read-weighted: +0.0000 +0.0006 +0.3079 +0.0004 +0.1794 | noise/error plain 0.069
 6 | 0.000 0.001 0.805 0.000 0.193 / 0.000 0.002 0.998 0.000 0.000 / 0.000 0.001 0.356 0.000 0.193 (err 0.5495) | 0.000 0.001 0.328 0.000 0.198 (err 0.5629) | 0.012 0.140 | 0.223 0.398 0.527 0.670 0.787 0.858 ; 0.053 0.148 0.244 0.379 0.554 0.740
 7 nc | chain error minus noise, plain: +0.0000 +0.0004 +0.3467 +0.0002 +0.1716 | read-weighted: +0.0000 +0.0004 +0.3148 +0.0003 +0.1810 | noise/error plain 0.048
 7 | 0.000 0.001 0.815 0.000 0.184 / 0.000 0.001 0.999 0.000 0.000 / 0.000 0.000 0.360 0.000 0.184 (err 0.5450) | 0.000 0.000 0.330 0.000 0.195 (err 0.5637) | 0.044 0.164 | 0.281 0.454 0.580 0.714 0.816 0.879 ; 0.066 0.170 0.270 0.410 0.586 0.764
 8 nc | chain error minus noise, plain: +0.0000 +0.0005 +0.3573 +0.0004 +0.1754 | read-weighted: +0.0000 +0.0007 +0.3257 +0.0005 +0.1918 | noise/error plain 0.035
 8 | 0.000 0.001 0.814 0.000 0.184 / 0.000 0.002 0.998 0.000 0.000 / 0.000 0.001 0.367 0.000 0.184 (err 0.5528) | 0.000 0.001 0.337 0.000 0.202 (err 0.5743) | 0.066 0.194 | 0.329 0.503 0.625 0.744 0.836 0.894 ; 0.077 0.192 0.304 0.448 0.620 0.788
 9 nc | chain error minus noise, plain: +0.0000 +0.0005 +0.3609 +0.0003 +0.1760 | read-weighted: +0.0000 +0.0006 +0.3300 +0.0004 +0.1989 | noise/error plain 0.027
 9 | 0.000 0.001 0.816 0.000 0.183 / 0.000 0.002 0.998 0.000 0.000 / 0.000 0.001 0.369 0.000 0.183 (err 0.5525) | 0.000 0.001 0.339 0.000 0.207 (err 0.5867) | 0.057 0.233 | 0.367 0.535 0.653 0.770 0.852 0.904 ; 0.081 0.212 0.325 0.473 0.646 0.805
10 nc | chain error minus noise, plain: +0.0000 +0.0012 +0.3752 +0.0003 +0.1792 | read-weighted: +0.0000 +0.0012 +0.3303 +0.0004 +0.2035 | noise/error plain 0.020
10 | 0.000 0.002 0.813 0.000 0.184 / 0.000 0.002 0.998 0.000 0.000 / 0.000 0.001 0.381 0.000 0.184 (err 0.5671) | 0.000 0.001 0.337 0.000 0.210 (err 0.6125) | 0.326 0.259 | 0.415 0.591 0.695 0.796 0.867 0.916 ; 0.098 0.240 0.357 0.506 0.672 0.821
11 nc | chain error minus noise, plain: -0.0000 +0.0011 +0.3928 +0.0003 +0.1693 | read-weighted: -0.0000 +0.0012 +0.3468 +0.0005 +0.2171 | noise/error plain 0.014
11 | 0.000 0.002 0.824 0.000 0.173 / 0.000 0.002 0.998 0.000 0.000 / 0.000 0.001 0.397 0.000 0.173 (err 0.5712) | 0.000 0.001 0.352 0.000 0.222 (err 0.6377) | 0.441 0.329 | 0.517 0.676 0.759 0.836 0.892 0.933 ; 0.131 0.285 0.408 0.556 0.711 0.846
12 nc | chain error minus noise, plain: +0.0000 +0.0006 +0.4087 +0.0003 +0.1612 | read-weighted: +0.0000 +0.0008 +0.3550 +0.0004 +0.2148 | noise/error plain 0.011
12 | 0.000 0.001 0.835 0.000 0.164 / 0.000 0.002 0.998 0.000 0.000 / 0.000 0.001 0.412 0.000 0.164 (err 0.5769) | 0.000 0.001 0.360 0.000 0.219 (err 0.6679) | 0.377 0.353 | 0.576 0.715 0.788 0.856 0.908 0.943 ; 0.146 0.308 0.431 0.579 0.729 0.858
13 nc | chain error minus noise, plain: +0.0000 +0.0011 +0.4097 +0.0003 +0.1645 | read-weighted: +0.0000 +0.0013 +0.3706 +0.0004 +0.2297 | noise/error plain 0.009
13 | 0.000 0.003 0.830 0.000 0.167 / 0.000 0.002 0.998 0.000 0.000 / 0.000 0.001 0.413 0.000 0.167 (err 0.5811) | 0.000 0.001 0.375 0.000 0.233 (err 0.6782) | 0.573 0.378 | 0.585 0.718 0.794 0.860 0.911 0.945 ; 0.127 0.302 0.434 0.587 0.737 0.862
14 nc | chain error minus noise, plain: +0.0000 +0.0013 +0.4162 +0.0003 +0.1426 | read-weighted: +0.0000 +0.0020 +0.3880 +0.0005 +0.2272 | noise/error plain 0.007
14 | 0.000 0.002 0.853 0.000 0.144 / 0.000 0.002 0.998 0.000 0.000 / 0.000 0.001 0.418 0.000 0.144 (err 0.5642) | 0.000 0.002 0.391 0.000 0.230 (err 0.6806) | 0.298 0.461 | 0.668 0.778 0.837 0.890 0.930 0.958 ; 0.181 0.343 0.471 0.616 0.761 0.879

[exit 0 after 20s on 24 visible cores, cpu=8.0]
