net 0 slice K31: chain chain_off0_fk_base.npz, truth mc2_off0_full.npz
layer | energy shares S0 S1 S2 A1 A2: truth / chain / chain error (error energy over truth energy) | read-weighted error shares | rank-2 keeps of the chain table (S1+A1, S2+A2) | S2, A2 truth capture at ranks 2/8/16/32/64/128
 1 nc | chain error minus noise, plain: +0.0000 +0.0005 +0.2263 +0.0002 +0.0983 | read-weighted: +0.0000 +0.0005 +0.2249 +0.0002 +0.0977 | noise/error plain 0.629
 1 | 0.000 0.001 0.627 0.001 0.371 / 0.000 0.002 0.998 0.000 0.000 / 0.000 0.001 0.504 0.001 0.371 (err 0.8767) | 0.000 0.001 0.501 0.001 0.369 (err 0.8766) | 0.011 0.027 | 0.024 0.087 0.157 0.269 0.421 0.585 ; 0.013 0.048 0.091 0.170 0.302 0.500
 2 nc | chain error minus noise, plain: +0.0000 +0.0006 +0.3219 +0.0002 +0.1406 | read-weighted: +0.0000 +0.0005 +0.3159 +0.0002 +0.1397 | noise/error plain 0.359
 2 | 0.000 0.001 0.730 0.001 0.268 / 0.000 0.002 0.998 0.000 0.000 / 0.000 0.001 0.453 0.001 0.268 (err 0.7224) | 0.000 0.001 0.446 0.001 0.266 (err 0.7229) | 0.024 0.041 | 0.046 0.140 0.239 0.385 0.555 0.698 ; 0.015 0.058 0.110 0.202 0.349 0.557
 3 nc | chain error minus noise, plain: -0.0000 +0.0007 +0.3200 +0.0003 +0.1543 | read-weighted: -0.0000 +0.0007 +0.3154 +0.0003 +0.1535 | noise/error plain 0.239
 3 | 0.000 0.002 0.771 0.000 0.227 / 0.000 0.002 0.998 0.000 0.000 / 0.000 0.001 0.396 0.000 0.227 (err 0.6247) | 0.000 0.001 0.392 0.000 0.227 (err 0.6270) | 0.044 0.058 | 0.074 0.192 0.308 0.469 0.637 0.760 ; 0.022 0.076 0.139 0.243 0.403 0.615
 4 nc | chain error minus noise, plain: -0.0000 +0.0006 +0.3154 +0.0003 +0.1615 | read-weighted: -0.0000 +0.0006 +0.2994 +0.0003 +0.1604 | noise/error plain 0.157
 4 | 0.000 0.002 0.793 0.000 0.205 / 0.000 0.002 0.998 0.000 0.000 / 0.000 0.001 0.361 0.000 0.205 (err 0.5669) | 0.000 0.001 0.346 0.000 0.205 (err 0.5730) | 0.078 0.082 | 0.113 0.252 0.382 0.544 0.701 0.803 ; 0.028 0.095 0.170 0.288 0.458 0.664
 5 nc | chain error minus noise, plain: -0.0000 +0.0006 +0.3198 +0.0003 +0.1649 | read-weighted: -0.0000 +0.0006 +0.3001 +0.0003 +0.1672 | noise/error plain 0.106
 5 | 0.000 0.002 0.805 0.000 0.193 / 0.000 0.002 0.998 0.000 0.000 / 0.000 0.001 0.349 0.000 0.193 (err 0.5430) | 0.000 0.001 0.331 0.000 0.196 (err 0.5513) | 0.067 0.111 | 0.172 0.324 0.458 0.611 0.748 0.833 ; 0.042 0.117 0.198 0.327 0.502 0.701
 6 nc | chain error minus noise, plain: +0.0000 +0.0005 +0.3304 +0.0003 +0.1708 | read-weighted: +0.0000 +0.0005 +0.3034 +0.0003 +0.1782 | noise/error plain 0.072
 6 | 0.000 0.001 0.809 0.000 0.190 / 0.000 0.002 0.998 0.000 0.000 / 0.000 0.001 0.351 0.000 0.190 (err 0.5411) | 0.000 0.001 0.325 0.000 0.199 (err 0.5554) | 0.016 0.133 | 0.224 0.380 0.510 0.656 0.783 0.856 ; 0.059 0.143 0.232 0.365 0.544 0.735
 7 nc | chain error minus noise, plain: +0.0000 +0.0017 +0.3441 +0.0004 +0.1744 | read-weighted: +0.0000 +0.0018 +0.3195 +0.0004 +0.1884 | noise/error plain 0.052
 7 | 0.000 0.004 0.808 0.000 0.188 / 0.000 0.003 0.997 0.000 0.000 / 0.000 0.002 0.359 0.000 0.188 (err 0.5489) | 0.000 0.002 0.336 0.000 0.204 (err 0.5689) | 0.507 0.162 | 0.274 0.435 0.559 0.696 0.805 0.873 ; 0.058 0.152 0.249 0.391 0.571 0.755
 8 nc | chain error minus noise, plain: +0.0000 +0.0005 +0.3450 +0.0003 +0.1698 | read-weighted: +0.0000 +0.0005 +0.3078 +0.0004 +0.1881 | noise/error plain 0.036
 8 | 0.000 0.001 0.820 0.000 0.179 / 0.000 0.001 0.999 0.000 0.000 / 0.000 0.000 0.355 0.000 0.179 (err 0.5346) | 0.000 0.001 0.319 0.000 0.199 (err 0.5570) | 0.017 0.204 | 0.330 0.487 0.611 0.738 0.832 0.890 ; 0.076 0.183 0.286 0.430 0.605 0.777
 9 nc | chain error minus noise, plain: +0.0000 +0.0019 +0.3548 +0.0003 +0.1662 | read-weighted: +0.0000 +0.0017 +0.3136 +0.0004 +0.1877 | noise/error plain 0.027
 9 | 0.000 0.004 0.822 0.000 0.173 / 0.000 0.003 0.997 0.000 0.000 / 0.000 0.002 0.362 0.000 0.173 (err 0.5375) | 0.000 0.002 0.322 0.000 0.196 (err 0.5773) | 0.681 0.228 | 0.383 0.540 0.656 0.769 0.851 0.904 ; 0.093 0.214 0.319 0.467 0.636 0.801
10 nc | chain error minus noise, plain: +0.0000 +0.0005 +0.3668 +0.0004 +0.1614 | read-weighted: +0.0000 +0.0006 +0.3204 +0.0005 +0.1928 | noise/error plain 0.021
10 | 0.000 0.001 0.832 0.000 0.167 / 0.000 0.002 0.998 0.000 0.000 / 0.000 0.001 0.373 0.000 0.167 (err 0.5402) | 0.000 0.001 0.328 0.000 0.199 (err 0.5880) | 0.296 0.271 | 0.456 0.609 0.707 0.805 0.873 0.919 ; 0.106 0.232 0.351 0.502 0.668 0.820
11 nc | chain error minus noise, plain: +0.0000 +0.0003 +0.3753 +0.0003 +0.1530 | read-weighted: +0.0000 +0.0005 +0.3300 +0.0004 +0.2026 | noise/error plain 0.015
11 | 0.000 0.001 0.842 0.000 0.157 / 0.000 0.002 0.998 0.000 0.000 / 0.000 0.000 0.380 0.000 0.157 (err 0.5371) | 0.000 0.001 0.336 0.000 0.208 (err 0.6081) | 0.345 0.342 | 0.541 0.667 0.758 0.839 0.894 0.933 ; 0.135 0.268 0.385 0.535 0.695 0.837
12 nc | chain error minus noise, plain: +0.0000 +0.0005 +0.3824 +0.0002 +0.1305 | read-weighted: +0.0000 +0.0007 +0.3317 +0.0004 +0.1926 | noise/error plain 0.011
12 | 0.000 0.001 0.866 0.000 0.133 / 0.000 0.002 0.998 0.000 0.000 / 0.000 0.000 0.385 0.000 0.133 (err 0.5191) | 0.000 0.001 0.336 0.000 0.197 (err 0.6207) | 0.366 0.415 | 0.634 0.738 0.812 0.877 0.920 0.950 ; 0.181 0.306 0.421 0.572 0.725 0.856
13 nc | chain error minus noise, plain: -0.0000 +0.0007 +0.3984 +0.0003 +0.1232 | read-weighted: -0.0000 +0.0010 +0.3212 +0.0005 +0.1946 | noise/error plain 0.008
13 | 0.000 0.001 0.873 0.000 0.125 / 0.000 0.002 0.998 0.000 0.000 / 0.000 0.001 0.401 0.000 0.125 (err 0.5267) | 0.000 0.001 0.325 0.001 0.198 (err 0.6242) | 0.593 0.464 | 0.688 0.783 0.844 0.897 0.933 0.959 ; 0.215 0.341 0.462 0.609 0.755 0.874
14 nc | chain error minus noise, plain: +0.0000 +0.0003 +0.4024 +0.0002 +0.1217 | read-weighted: +0.0000 +0.0007 +0.3433 +0.0004 +0.1963 | noise/error plain 0.007
14 | 0.000 0.001 0.876 0.000 0.123 / 0.000 0.001 0.999 0.000 0.000 / 0.000 0.000 0.404 0.000 0.123 (err 0.5285) | 0.000 0.001 0.347 0.000 0.199 (err 0.6424) | 0.222 0.493 | 0.698 0.792 0.852 0.902 0.937 0.961 ; 0.205 0.349 0.470 0.615 0.761 0.879

[exit 0 after 21s on 24 visible cores, cpu=8.0]
