**results/width128_final_mlp0.txt.pkl**

| layer | noise | Wick | 1st, oracle coef (B3=1) | 1st, B3=0.5 | +B7 | +2nd order (fixed) | leaf-resummed 1st | leaf-resummed 2nd | leaf+T resummed 1st | leaf+T resummed 2nd | fitted 1st (oracle fit) | refit 1st, 2nd fixed | refit LR basis | refit LRT basis | all terms free |
|---|---|---|---|---|---|---|---|---|---|---|---|---|---|---|---|
| 0 | 6.22 | 4.33 | 5.58 | 5.58 | 5.60 | 5.57 | 5.59 | 5.59 | 5.59 | 5.59 | 5.54 | 5.57 | 5.55 | 5.55 | 5.57 |
| 1 | 4.41 | 8.19 | 5.15 | 5.12 | 4.44 | 4.27 | 4.36 | 4.28 | 4.35 | 4.28 | 5.06 | 4.29 | 4.30 | 4.30 | 4.27 |
| 2 | 3.26 | 8.89 | 4.41 | 4.35 | 3.75 | 3.43 | 3.60 | 3.42 | 3.56 | 3.42 | 4.26 | 3.39 | 3.42 | 3.41 | 3.32 |
| 3 | 2.50 | 9.11 | 3.83 | 3.74 | 3.33 | 3.06 | 3.12 | 3.02 | 3.06 | 2.99 | 3.59 | 2.95 | 2.97 | 2.96 | 2.71 |
| 4 | 1.93 | 8.37 | 3.53 | 3.33 | 3.07 | 2.65 | 2.80 | 2.59 | 2.73 | 2.57 | 3.07 | 2.45 | 2.51 | 2.50 | 2.16 |
| 5 | 1.62 | 8.21 | 3.72 | 3.28 | 3.25 | 3.00 | 2.82 | 2.77 | 2.71 | 2.71 | 2.75 | 2.37 | 2.57 | 2.45 | 1.93 |
| 6 | 1.32 | 8.69 | 4.25 | 3.47 | 3.35 | 3.00 | 2.82 | 2.89 | 2.73 | 2.82 | 2.59 | 2.31 | 2.63 | 2.50 | 1.79 |
| 7 | 1.14 | 8.68 | 3.99 | 3.25 | 3.21 | 2.69 | 2.64 | 2.45 | 2.57 | 2.40 | 2.13 | 1.93 | 2.20 | 2.07 | 1.50 |
| 8 | 1.05 | 6.73 | 3.45 | 2.66 | 2.74 | 2.72 | 2.51 | 2.52 | 2.41 | 2.48 | 1.83 | 1.79 | 2.00 | 2.10 | 1.38 |
| 9 | 1.09 | 6.35 | 4.39 | 3.33 | 3.04 | 2.66 | 2.36 | 2.58 | 2.33 | 2.55 | 1.70 | 1.66 | 2.19 | 2.05 | 1.31 |
| 10 | 1.17 | 4.82 | 3.28 | 2.33 | 2.29 | 2.66 | 1.79 | 2.49 | 1.77 | 2.45 | 1.44 | 1.53 | 1.92 | 1.82 | 1.29 |
| 11 | 1.21 | 6.74 | 4.48 | 3.24 | 3.13 | 2.68 | 2.56 | 2.66 | 2.55 | 2.64 | 2.01 | 1.91 | 2.49 | 2.28 | 1.56 |
| 12 | 1.16 | 5.75 | 3.56 | 2.86 | 2.81 | 3.35 | 2.53 | 2.99 | 2.47 | 2.94 | 1.78 | 1.87 | 2.40 | 2.26 | 1.51 |
| 13 | 1.45 | 5.77 | 4.10 | 3.00 | 3.06 | 3.15 | 2.66 | 2.99 | 2.63 | 2.94 | 2.02 | 2.16 | 2.64 | 2.56 | 1.74 |
| 14 | 1.33 | 7.31 | 5.35 | 3.94 | 3.80 | 3.75 | 2.61 | 3.53 | 2.55 | 3.45 | 2.00 | 2.10 | 2.98 | 2.62 | 1.61 |
| 1-3 mean | 3.39 | 8.73 | 4.46 | 4.40 | 3.84 | 3.59 | 3.69 | 3.57 | 3.65 | 3.56 | 4.30 | 3.54 | 3.56 | 3.56 | 3.43 |
| 4-9 mean | 1.36 | 7.84 | 3.89 | 3.22 | 3.11 | 2.79 | 2.66 | 2.63 | 2.58 | 2.59 | 2.34 | 2.08 | 2.35 | 2.28 | 1.68 |
| 10-14 mean | 1.26 | 6.08 | 4.15 | 3.08 | 3.02 | 3.12 | 2.43 | 2.93 | 2.39 | 2.88 | 1.85 | 1.91 | 2.49 | 2.31 | 1.54 |

**fit1 coefficients**

| layer | B1 (3) | B2 (3) | B3 (0.5) | B4 (1) | B5 (1.5) | B6 (1.5) |
|---|---|---|---|---|---|---|
| 0 | 3.03 | -16.29 | -63.44 | 0.97 | 13.04 | 1.48 |
| 1 | 2.97 | 3.05 | 0.39 | 1.01 | 1.30 | 1.45 |
| 2 | 3.04 | 3.00 | 0.36 | 0.93 | 1.29 | 1.40 |
| 3 | 3.00 | 2.86 | 0.26 | 0.89 | 1.16 | 1.36 |
| 4 | 3.06 | 2.74 | 0.11 | 0.77 | 1.18 | 1.29 |
| 5 | 3.34 | 2.63 | -0.12 | 0.73 | 1.23 | 1.23 |
| 6 | 3.18 | 2.58 | -0.10 | 0.44 | 1.09 | 1.18 |
| 7 | 3.45 | 2.65 | -0.09 | 0.50 | 1.19 | 1.19 |
| 8 | 3.29 | 2.64 | -0.12 | 0.39 | 0.96 | 1.15 |
| 9 | 2.72 | 2.70 | -0.17 | 0.43 | 0.49 | 1.19 |
| 10 | 2.92 | 2.58 | -0.13 | 0.53 | 0.54 | 1.17 |
| 11 | 2.42 | 2.57 | -0.08 | 0.31 | 0.43 | 1.17 |
| 12 | 2.66 | 2.53 | -0.15 | 0.45 | 0.50 | 1.13 |
| 13 | 2.47 | 2.58 | -0.10 | 0.47 | 0.40 | 1.16 |
| 14 | 2.76 | 2.55 | -0.15 | 0.47 | 0.57 | 1.17 |

**fit2 coefficients**

| layer | B1 (3) | B2 (3) | B3 (0.5) | B4 (1) | B5 (1.5) | B6 (1.5) |
|---|---|---|---|---|---|---|
| 0 | 3.04 | -0.73 | -81.44 | 1.01 | 17.47 | 1.50 |
| 1 | 3.07 | 3.02 | 0.51 | 0.96 | 1.27 | 1.53 |
| 2 | 3.18 | 3.06 | 0.56 | 0.98 | 1.13 | 1.51 |
| 3 | 3.29 | 3.17 | 0.64 | 1.00 | 1.05 | 1.51 |
| 4 | 3.38 | 3.19 | 0.59 | 1.01 | 1.02 | 1.51 |
| 5 | 3.79 | 3.39 | 0.77 | 0.94 | 1.16 | 1.52 |
| 6 | 3.88 | 3.54 | 0.72 | 0.92 | 0.76 | 1.49 |
| 7 | 4.24 | 3.70 | 0.61 | 0.92 | 0.80 | 1.53 |
| 8 | 4.70 | 3.77 | 0.67 | 0.80 | 0.62 | 1.47 |
| 9 | 4.04 | 3.72 | 0.81 | 0.90 | 0.49 | 1.45 |
| 10 | 3.82 | 3.79 | 0.82 | 0.65 | 1.01 | 1.50 |
| 11 | 3.63 | 3.68 | 0.73 | 0.96 | 0.22 | 1.46 |
| 12 | 4.30 | 3.87 | 0.79 | 0.80 | 0.93 | 1.48 |
| 13 | 4.27 | 3.87 | 0.74 | 0.69 | 0.88 | 1.50 |
| 14 | 4.17 | 3.89 | 0.73 | 0.67 | 1.25 | 1.51 |

**LR refit coefficients**

| layer | LEAF (6) | TWOLEAF (-1) | B6 (1.5) | B7 (3) | G3t (1) |
|---|---|---|---|---|---|
| 0 | 1.68 | 0.44 | 1.49 | 3.00 | 1.01 |
| 1 | 5.82 | -0.94 | 1.54 | 3.09 | 0.99 |
| 2 | 5.91 | -0.97 | 1.52 | 3.29 | 1.07 |
| 3 | 6.10 | -1.03 | 1.51 | 3.51 | 1.13 |
| 4 | 6.15 | -1.05 | 1.51 | 3.63 | 1.12 |
| 5 | 6.72 | -1.22 | 1.50 | 3.85 | 1.11 |
| 6 | 6.76 | -1.23 | 1.47 | 4.23 | 1.09 |
| 7 | 7.02 | -1.32 | 1.49 | 4.46 | 1.15 |
| 8 | 7.25 | -1.37 | 1.43 | 4.92 | 1.41 |
| 9 | 7.33 | -1.41 | 1.43 | 4.44 | 1.19 |
| 10 | 7.49 | -1.44 | 1.43 | 4.75 | 1.14 |
| 11 | 6.30 | -1.08 | 1.39 | 4.47 | 1.25 |
| 12 | 7.47 | -1.43 | 1.45 | 4.46 | 1.16 |
| 13 | 7.36 | -1.40 | 1.46 | 5.02 | 1.33 |
| 14 | 7.57 | -1.48 | 1.46 | 4.29 | 1.23 |

**LRT refit coefficients**

| layer | LEAF (6) | TWOLEAF (-1) | TCL (1) | B6 (1.5) | G3t (1) |
|---|---|---|---|---|---|
| 0 | 1.68 | 0.44 | 1.00 | 1.49 | 1.01 |
| 1 | 5.80 | -0.93 | 1.00 | 1.54 | 0.99 |
| 2 | 5.83 | -0.94 | 0.99 | 1.53 | 1.09 |
| 3 | 5.92 | -0.97 | 0.99 | 1.53 | 1.19 |
| 4 | 5.94 | -0.97 | 0.99 | 1.53 | 1.22 |
| 5 | 6.14 | -1.03 | 0.97 | 1.53 | 1.27 |
| 6 | 6.46 | -1.13 | 0.98 | 1.49 | 1.33 |
| 7 | 6.78 | -1.23 | 0.98 | 1.51 | 1.64 |
| 8 | 6.85 | -1.25 | 0.98 | 1.44 | 1.99 |
| 9 | 6.83 | -1.25 | 0.98 | 1.42 | 1.36 |
| 10 | 7.09 | -1.31 | 0.99 | 1.43 | 1.74 |
| 11 | 6.06 | -1.00 | 0.98 | 1.41 | 1.63 |
| 12 | 6.95 | -1.27 | 0.98 | 1.45 | 1.57 |
| 13 | 6.89 | -1.25 | 0.98 | 1.47 | 2.11 |
| 14 | 6.93 | -1.28 | 0.98 | 1.47 | 1.62 |

**scales**

| layer | rho | k3_ijk | D21_iik | D3_iii | K22_iijj | K211_iijk | K31_iiij | K4_iiii |
|---|---|---|---|---|---|---|---|---|
| 0 | 0.088 | 0.001 | 0.002 | 0.004 | 0.003 | 0.002 | 0.003 | 0.007 |
| 1 | 0.109 | 0.020 | 0.033 | 0.071 | 0.027 | 0.006 | 0.013 | 0.077 |
| 2 | 0.134 | 0.026 | 0.047 | 0.110 | 0.044 | 0.011 | 0.023 | 0.125 |
| 3 | 0.155 | 0.033 | 0.066 | 0.154 | 0.064 | 0.017 | 0.037 | 0.183 |
| 4 | 0.185 | 0.043 | 0.091 | 0.198 | 0.084 | 0.026 | 0.052 | 0.229 |
| 5 | 0.202 | 0.052 | 0.113 | 0.250 | 0.103 | 0.036 | 0.075 | 0.278 |
| 6 | 0.240 | 0.072 | 0.152 | 0.314 | 0.136 | 0.057 | 0.109 | 0.336 |
| 7 | 0.252 | 0.078 | 0.161 | 0.320 | 0.154 | 0.067 | 0.128 | 0.377 |
| 8 | 0.311 | 0.110 | 0.208 | 0.384 | 0.213 | 0.110 | 0.195 | 0.491 |
| 9 | 0.332 | 0.125 | 0.233 | 0.426 | 0.245 | 0.133 | 0.231 | 0.540 |
| 10 | 0.366 | 0.144 | 0.259 | 0.456 | 0.267 | 0.152 | 0.252 | 0.556 |
| 11 | 0.352 | 0.133 | 0.250 | 0.454 | 0.254 | 0.139 | 0.239 | 0.557 |
| 12 | 0.337 | 0.129 | 0.242 | 0.440 | 0.256 | 0.132 | 0.231 | 0.572 |
| 13 | 0.348 | 0.132 | 0.250 | 0.466 | 0.264 | 0.136 | 0.244 | 0.600 |
| 14 | 0.385 | 0.161 | 0.284 | 0.497 | 0.300 | 0.169 | 0.286 | 0.643 |

**results/width128_final_mlp1a.txt.pkl,results/width128_final_mlp1b.txt.pkl**

| layer | noise | Wick | 1st, oracle coef (B3=1) | 1st, B3=0.5 | +B7 | +2nd order (fixed) | leaf-resummed 1st | leaf-resummed 2nd | leaf+T resummed 1st | leaf+T resummed 2nd | fitted 1st (oracle fit) | refit 1st, 2nd fixed | refit LR basis | refit LRT basis | all terms free |
|---|---|---|---|---|---|---|---|---|---|---|---|---|---|---|---|
| 0 | 6.05 | 4.22 | 5.43 | 5.43 | 5.44 | 5.41 | 5.41 | 5.42 | 5.41 | 5.42 | 5.40 | 5.41 | 5.39 | 5.39 | 5.41 |
| 1 | 4.08 | 7.78 | 4.77 | 4.75 | 4.01 | 3.85 | 3.96 | 3.86 | 3.96 | 3.87 | 4.70 | 3.85 | 3.88 | 3.88 | 3.83 |
| 2 | 3.43 | 8.97 | 4.42 | 4.34 | 3.85 | 3.58 | 3.71 | 3.60 | 3.68 | 3.59 | 4.24 | 3.54 | 3.60 | 3.58 | 3.47 |
| 3 | 2.48 | 9.07 | 3.82 | 3.70 | 3.30 | 2.89 | 3.14 | 2.89 | 3.09 | 2.87 | 3.60 | 2.82 | 2.86 | 2.85 | 2.69 |
| 4 | 2.15 | 9.29 | 3.85 | 3.64 | 3.29 | 2.94 | 3.04 | 2.85 | 2.96 | 2.83 | 3.42 | 2.76 | 2.82 | 2.76 | 2.49 |
| 5 | 1.86 | 10.21 | 4.38 | 4.11 | 3.49 | 3.27 | 3.20 | 3.20 | 3.13 | 3.14 | 3.64 | 2.96 | 3.05 | 2.98 | 2.37 |
| 6 | 1.67 | 9.80 | 4.36 | 3.97 | 3.54 | 3.07 | 3.16 | 2.99 | 3.07 | 2.94 | 3.53 | 2.77 | 2.90 | 2.89 | 2.22 |
| 7 | 1.37 | 8.97 | 4.21 | 3.82 | 3.37 | 3.09 | 3.06 | 2.95 | 2.99 | 2.89 | 3.09 | 2.68 | 2.79 | 2.75 | 1.98 |
| 8 | 1.26 | 9.07 | 4.25 | 3.69 | 3.73 | 3.14 | 3.14 | 2.75 | 3.01 | 2.69 | 2.60 | 2.35 | 2.56 | 2.37 | 1.74 |
| 9 | 1.18 | 8.44 | 4.75 | 3.75 | 3.59 | 3.16 | 2.74 | 2.89 | 2.69 | 2.82 | 2.42 | 2.22 | 2.60 | 2.45 | 1.71 |
| 10 | 0.99 | 8.44 | 4.67 | 3.62 | 3.51 | 2.66 | 2.76 | 2.46 | 2.70 | 2.40 | 2.21 | 2.14 | 2.22 | 2.06 | 1.50 |
| 11 | 0.96 | 7.09 | 4.27 | 3.07 | 2.87 | 2.31 | 2.07 | 2.28 | 2.04 | 2.23 | 1.89 | 1.85 | 2.16 | 2.07 | 1.42 |
| 12 | 0.94 | 8.07 | 4.72 | 3.70 | 3.57 | 2.73 | 2.68 | 2.43 | 2.64 | 2.38 | 1.99 | 1.88 | 2.26 | 2.10 | 1.39 |
| 13 | 1.03 | 6.35 | 4.51 | 3.25 | 3.15 | 2.64 | 2.12 | 2.53 | 2.09 | 2.48 | 1.72 | 1.96 | 2.27 | 2.03 | 1.40 |
| 14 | 1.07 | 6.91 | 4.26 | 3.13 | 3.01 | 2.77 | 2.33 | 2.64 | 2.32 | 2.58 | 2.03 | 2.02 | 2.57 | 2.50 | 1.47 |
| 1-3 mean | 3.33 | 8.61 | 4.34 | 4.27 | 3.72 | 3.44 | 3.61 | 3.45 | 3.58 | 3.44 | 4.18 | 3.40 | 3.45 | 3.43 | 3.33 |
| 4-9 mean | 1.58 | 9.30 | 4.30 | 3.83 | 3.50 | 3.11 | 3.06 | 2.94 | 2.97 | 2.88 | 3.12 | 2.62 | 2.78 | 2.70 | 2.09 |
| 10-14 mean | 1.00 | 7.37 | 4.48 | 3.35 | 3.22 | 2.62 | 2.39 | 2.47 | 2.36 | 2.42 | 1.97 | 1.97 | 2.30 | 2.15 | 1.44 |

**fit1 coefficients**

| layer | B1 (3) | B2 (3) | B3 (0.5) | B4 (1) | B5 (1.5) | B6 (1.5) |
|---|---|---|---|---|---|---|
| 0 | 3.05 | -23.32 | -13.63 | 0.96 | 14.17 | 1.48 |
| 1 | 3.01 | 3.06 | 0.31 | 0.97 | 1.42 | 1.44 |
| 2 | 2.96 | 2.95 | 0.24 | 0.85 | 1.23 | 1.38 |
| 3 | 2.99 | 2.94 | 0.27 | 0.84 | 1.29 | 1.37 |
| 4 | 2.91 | 2.75 | 0.17 | 0.79 | 1.13 | 1.32 |
| 5 | 2.92 | 2.67 | 0.11 | 0.74 | 1.05 | 1.27 |
| 6 | 2.95 | 2.67 | -0.05 | 0.82 | 0.88 | 1.24 |
| 7 | 2.70 | 2.63 | -0.03 | 0.67 | 0.74 | 1.22 |
| 8 | 3.04 | 2.53 | -0.08 | 0.63 | 0.96 | 1.18 |
| 9 | 2.30 | 2.56 | -0.14 | 0.46 | 0.41 | 1.20 |
| 10 | 2.53 | 2.57 | -0.15 | 0.56 | 0.46 | 1.16 |
| 11 | 2.33 | 2.58 | -0.11 | 0.34 | 0.43 | 1.20 |
| 12 | 2.11 | 2.47 | -0.10 | 0.52 | 0.01 | 1.14 |
| 13 | 2.09 | 2.57 | -0.11 | 0.45 | 0.02 | 1.14 |
| 14 | 2.72 | 2.50 | -0.03 | 0.35 | 0.73 | 1.16 |

**fit2 coefficients**

| layer | B1 (3) | B2 (3) | B3 (0.5) | B4 (1) | B5 (1.5) | B6 (1.5) |
|---|---|---|---|---|---|---|
| 0 | 3.04 | -11.36 | 35.83 | 1.01 | 19.18 | 1.50 |
| 1 | 3.08 | 3.03 | 0.52 | 0.96 | 1.25 | 1.52 |
| 2 | 3.18 | 3.06 | 0.57 | 0.97 | 1.14 | 1.51 |
| 3 | 3.24 | 3.10 | 0.57 | 1.01 | 1.02 | 1.52 |
| 4 | 3.35 | 3.22 | 0.61 | 1.05 | 0.96 | 1.51 |
| 5 | 3.35 | 3.28 | 0.59 | 1.08 | 0.79 | 1.51 |
| 6 | 3.35 | 3.30 | 0.70 | 1.06 | 0.76 | 1.51 |
| 7 | 3.35 | 3.35 | 0.67 | 1.08 | 0.62 | 1.50 |
| 8 | 3.70 | 3.46 | 0.68 | 0.99 | 0.91 | 1.52 |
| 9 | 3.74 | 3.58 | 0.65 | 1.02 | 0.79 | 1.49 |
| 10 | 3.63 | 3.56 | 0.50 | 0.90 | 0.68 | 1.51 |
| 11 | 3.56 | 3.49 | 0.66 | 1.01 | 0.33 | 1.46 |
| 12 | 3.62 | 3.47 | 0.61 | 0.94 | 0.73 | 1.49 |
| 13 | 3.93 | 3.60 | 0.64 | 0.82 | 0.53 | 1.50 |
| 14 | 3.80 | 3.67 | 0.66 | 0.96 | 0.88 | 1.52 |

**LR refit coefficients**

| layer | LEAF (6) | TWOLEAF (-1) | B6 (1.5) | B7 (3) | G3t (1) |
|---|---|---|---|---|---|
| 0 | 1.74 | 0.42 | 1.48 | 3.07 | 1.01 |
| 1 | 5.84 | -0.95 | 1.53 | 3.10 | 0.97 |
| 2 | 5.94 | -0.98 | 1.52 | 3.34 | 1.05 |
| 3 | 5.99 | -0.99 | 1.52 | 3.47 | 1.17 |
| 4 | 6.10 | -1.03 | 1.51 | 3.66 | 1.17 |
| 5 | 6.20 | -1.06 | 1.50 | 3.75 | 1.19 |
| 6 | 6.31 | -1.10 | 1.51 | 3.68 | 1.15 |
| 7 | 6.34 | -1.11 | 1.50 | 3.81 | 1.19 |
| 8 | 6.51 | -1.16 | 1.50 | 4.17 | 1.23 |
| 9 | 6.82 | -1.25 | 1.47 | 4.28 | 1.36 |
| 10 | 6.89 | -1.27 | 1.49 | 4.14 | 1.25 |
| 11 | 6.31 | -1.09 | 1.43 | 4.33 | 1.30 |
| 12 | 6.50 | -1.15 | 1.44 | 4.25 | 1.35 |
| 13 | 7.02 | -1.30 | 1.48 | 4.46 | 1.31 |
| 14 | 6.37 | -1.11 | 1.46 | 4.08 | 1.12 |

**LRT refit coefficients**

| layer | LEAF (6) | TWOLEAF (-1) | TCL (1) | B6 (1.5) | G3t (1) |
|---|---|---|---|---|---|
| 0 | 1.74 | 0.42 | 1.00 | 1.48 | 1.01 |
| 1 | 5.83 | -0.94 | 1.00 | 1.53 | 0.97 |
| 2 | 5.81 | -0.93 | 0.99 | 1.53 | 1.08 |
| 3 | 5.85 | -0.95 | 0.99 | 1.54 | 1.21 |
| 4 | 5.86 | -0.95 | 0.98 | 1.53 | 1.27 |
| 5 | 5.88 | -0.95 | 0.98 | 1.53 | 1.30 |
| 6 | 5.93 | -0.97 | 0.98 | 1.53 | 1.24 |
| 7 | 6.01 | -1.00 | 0.98 | 1.51 | 1.29 |
| 8 | 6.00 | -0.99 | 0.97 | 1.52 | 1.61 |
| 9 | 6.30 | -1.08 | 0.98 | 1.48 | 1.62 |
| 10 | 6.39 | -1.12 | 0.98 | 1.49 | 1.45 |
| 11 | 6.02 | -0.99 | 0.98 | 1.44 | 1.59 |
| 12 | 6.05 | -1.00 | 0.98 | 1.45 | 1.56 |
| 13 | 6.52 | -1.14 | 0.98 | 1.49 | 1.63 |
| 14 | 5.98 | -0.98 | 0.98 | 1.48 | 1.37 |

**scales**

| layer | rho | k3_ijk | D21_iik | D3_iii | K22_iijj | K211_iijk | K31_iiij | K4_iiii |
|---|---|---|---|---|---|---|---|---|
| 0 | 0.088 | 0.001 | 0.002 | 0.004 | 0.003 | 0.002 | 0.004 | 0.007 |
| 1 | 0.109 | 0.020 | 0.034 | 0.074 | 0.028 | 0.006 | 0.013 | 0.083 |
| 2 | 0.133 | 0.026 | 0.052 | 0.118 | 0.049 | 0.012 | 0.025 | 0.141 |
| 3 | 0.158 | 0.032 | 0.065 | 0.148 | 0.063 | 0.016 | 0.034 | 0.178 |
| 4 | 0.182 | 0.041 | 0.091 | 0.217 | 0.087 | 0.025 | 0.054 | 0.248 |
| 5 | 0.196 | 0.048 | 0.105 | 0.249 | 0.104 | 0.031 | 0.069 | 0.304 |
| 6 | 0.210 | 0.056 | 0.125 | 0.275 | 0.128 | 0.041 | 0.084 | 0.347 |
| 7 | 0.222 | 0.063 | 0.139 | 0.307 | 0.139 | 0.047 | 0.098 | 0.388 |
| 8 | 0.244 | 0.076 | 0.170 | 0.364 | 0.166 | 0.062 | 0.126 | 0.437 |
| 9 | 0.273 | 0.086 | 0.191 | 0.409 | 0.186 | 0.074 | 0.148 | 0.472 |
| 10 | 0.289 | 0.091 | 0.200 | 0.404 | 0.191 | 0.079 | 0.152 | 0.468 |
| 11 | 0.312 | 0.103 | 0.213 | 0.424 | 0.203 | 0.091 | 0.171 | 0.499 |
| 12 | 0.359 | 0.120 | 0.237 | 0.444 | 0.208 | 0.104 | 0.185 | 0.486 |
| 13 | 0.370 | 0.126 | 0.248 | 0.467 | 0.222 | 0.112 | 0.207 | 0.540 |
| 14 | 0.383 | 0.137 | 0.254 | 0.458 | 0.225 | 0.119 | 0.207 | 0.502 |

