10 groups of 10 networks
layer | sq. error share by |alpha| [0,0.5) [0.5,1) [1,1.5) [1.5,2) [2,3) [3,99) | injected/total | pre-act. mean error in top-16/64/128 Cov modes (random: 0.016/0.062/0.125) | same, sigma-weighted
 0 |  1.000  0.000  0.000  0.000  0.000  0.000 | 0.000 | 0.000 0.000 0.000 | 0.000 0.000 0.000
 1 |  0.526  0.296  0.131  0.041  0.006  0.000 | 0.317 | 0.079 0.273 0.462 | 0.079 0.272 0.461
 2 |  0.472  0.258  0.156  0.078  0.034  0.002 | 0.524 | 0.101 0.322 0.517 | 0.100 0.320 0.515
 3 |  0.387  0.273  0.171  0.096  0.064  0.009 | 0.554 | 0.089 0.280 0.456 | 0.088 0.278 0.453
 4 |  0.324  0.253  0.181  0.114  0.101  0.028 | 0.463 | 0.086 0.266 0.439 | 0.085 0.263 0.436
 5 |  0.274  0.244  0.187  0.123  0.120  0.052 | 0.443 | 0.090 0.277 0.459 | 0.088 0.273 0.456
 6 |  0.251  0.228  0.184  0.124  0.136  0.078 | 0.410 | 0.094 0.284 0.471 | 0.092 0.280 0.467
 7 |  0.231  0.212  0.172  0.124  0.148  0.112 | 0.373 | 0.102 0.299 0.484 | 0.099 0.295 0.479
 8 |  0.212  0.197  0.163  0.123  0.162  0.143 | 0.339 | 0.113 0.311 0.503 | 0.109 0.305 0.498
 9 |  0.200  0.182  0.155  0.120  0.172  0.171 | 0.315 | 0.114 0.337 0.530 | 0.110 0.332 0.524
10 |  0.182  0.175  0.151  0.117  0.172  0.203 | 0.283 | 0.119 0.347 0.547 | 0.115 0.340 0.540
11 |  0.170  0.159  0.141  0.120  0.174  0.237 | 0.269 | 0.130 0.363 0.564 | 0.125 0.356 0.557
12 |  0.166  0.150  0.133  0.114  0.178  0.259 | 0.247 | 0.136 0.382 0.583 | 0.131 0.374 0.575
13 |  0.155  0.147  0.129  0.115  0.177  0.277 | 0.240 | 0.138 0.401 0.600 | 0.132 0.393 0.592
14 |  0.146  0.136  0.124  0.110  0.170  0.314 | 0.218 | 0.147 0.411 0.616 | 0.140 0.402 0.608
15 |  0.138  0.131  0.116  0.109  0.172  0.335 | 0.206 | 0.155 0.426 0.633 | 0.148 0.416 0.624
