100 networks

layer  MSE      | share of sq. error by |alpha| bins [0,0.5) [0.5,1) [1,1.5) [1.5,2) [2,3) [3,99) | rms(mu err)  rms(var rel err) | 1st-chaos share | PR/n top16 top128 | injected/total
 0  7.36e-10 |  1.000  0.000  0.000  0.000  0.000  0.000 | 5.64e-01  1.39e-03 | 1.000 | 0.500 0.059 0.376 | 0.000
 1  6.53e-10 |  0.401  0.393  0.155  0.044  0.006  0.000 | 7.03e-01  1.38e-03 | 0.735 | 0.393 0.081 0.465 | 0.417
 2  9.06e-10 |  0.421  0.316  0.154  0.073  0.033  0.002 | 7.75e-01  1.38e-03 | 0.598 | 0.293 0.115 0.567 | 0.610
 3  1.46e-09 |  0.401  0.281  0.160  0.087  0.062  0.009 | 8.19e-01  1.40e-03 | 0.509 | 0.231 0.147 0.642 | 0.637
 4  2.01e-09 |  0.341  0.257  0.170  0.106  0.098  0.028 | 8.52e-01  1.42e-03 | 0.447 | 0.191 0.178 0.696 | 0.570
 5  2.72e-09 |  0.321  0.228  0.168  0.114  0.117  0.052 | 8.78e-01  1.43e-03 | 0.400 | 0.162 0.206 0.737 | 0.561
 6  3.64e-09 |  0.291  0.215  0.163  0.118  0.133  0.078 | 8.89e-01  1.47e-03 | 0.363 | 0.140 0.233 0.768 | 0.534
 7  4.60e-09 |  0.268  0.200  0.155  0.118  0.146  0.112 | 9.02e-01  1.53e-03 | 0.333 | 0.123 0.258 0.792 | 0.512
 8  5.68e-09 |  0.242  0.188  0.150  0.117  0.159  0.143 | 9.19e-01  1.57e-03 | 0.309 | 0.109 0.282 0.812 | 0.484
 9  6.87e-09 |  0.230  0.174  0.143  0.114  0.169  0.171 | 9.25e-01  1.63e-03 | 0.289 | 0.097 0.305 0.829 | 0.465
10  8.24e-09 |  0.205  0.169  0.143  0.110  0.170  0.203 | 9.21e-01  1.77e-03 | 0.272 | 0.087 0.327 0.843 | 0.438
11  9.49e-09 |  0.193  0.155  0.129  0.115  0.171  0.237 | 9.34e-01  1.84e-03 | 0.257 | 0.078 0.348 0.855 | 0.438
12  1.09e-08 |  0.187  0.144  0.125  0.109  0.176  0.259 | 9.35e-01  1.97e-03 | 0.244 | 0.070 0.367 0.866 | 0.414
13  1.23e-08 |  0.176  0.142  0.119  0.111  0.175  0.277 | 9.37e-01  2.15e-03 | 0.233 | 0.063 0.387 0.875 | 0.416
14  1.39e-08 |  0.160  0.132  0.118  0.107  0.168  0.314 | 9.38e-01  2.31e-03 | 0.224 | 0.057 0.406 0.883 | 0.397
15  1.55e-08 |  0.138  0.131  0.116  0.109  0.172  0.335 | 4.26e-04  2.47e-03 | 0.215 | 0.052 0.424 0.891 | 0.206
