c_L = 0.911
layer   dq/q       dc        m-aligned cov defect | predicted out (q-chan + c-chan) | ledger carried
   1  -0.00001  -0.00000   -0.00000               | -0.00000                        | -0.00001
   2  -0.00011  +0.00136   -0.00180               | -0.00002                        | -0.00037
   3  +0.00021  +0.00182   -0.00229               | +0.00017                        | +0.00005
   4  +0.00037  +0.00170   -0.00234               | +0.00026                        | +0.00086
   5  +0.00000  +0.00234   -0.00233               | +0.00015                        | +0.00075
   6  +0.00003  +0.00216   -0.00197               | +0.00019                        | +0.00027
   7  +0.00002  +0.00186   -0.00186               | +0.00021                        | +0.00121
   8  -0.00005  +0.00157   -0.00129               | +0.00019                        | +0.00052
   9  -0.00017  +0.00168   -0.00135               | +0.00020                        | +0.00045
  10  +0.00024  +0.00084   -0.00097               | +0.00029                        | +0.00070
  11  +0.00007  +0.00086   -0.00072               | +0.00024                        | +0.00041
  12  -0.00023  +0.00120   -0.00084               | +0.00023                        | +0.00059
  13  +0.00016  +0.00082   -0.00086               | +0.00036                        | +0.00091
  14  +0.00011  +0.00061   -0.00068               | +0.00030                        | +0.00025
  15  +0.00003  +0.00078   -0.00067               | +0.00039                        | +0.00044
  16  +0.00001  +0.00049   -0.00047               | +0.00027                        | +0.00027
sum predicted +0.00342   vs ledger total +0.00731
