n=512 L=16 s=0 (truth T=4000000)
 layer | MSE closure  resid(t=1)  resid(t=.95)  GAC   oracle-scale | 8*scale err: closure  GAC | gamma: formula  GAC
    1  | 1.766e-07  1.766e-07  1.766e-07  1.766e-07  1.766e-07 |  -0.0000  -0.0000 | 0.0000  0.0000
    2  | 7.424e-07  5.447e-07  5.447e-07  3.627e-07  4.804e-07 |  +0.0056  +0.0009 | 0.0083  0.0083
    3  | 1.998e-06  1.155e-06  1.128e-06  9.065e-07  1.042e-06 |  +0.0095  +0.0018 | 0.0128  0.0126
    4  | 3.322e-06  1.812e-06  1.746e-06  1.432e-06  1.675e-06 |  +0.0127  +0.0025 | 0.0164  0.0160
    5  | 4.536e-06  2.235e-06  2.100e-06  1.864e-06  2.028e-06 |  +0.0153  +0.0035 | 0.0197  0.0190
    6  | 5.357e-06  3.136e-06  2.886e-06  2.563e-06  2.780e-06 |  +0.0160  +0.0024 | 0.0220  0.0210
    7  | 7.164e-06  3.702e-06  3.269e-06  2.932e-06  3.161e-06 |  +0.0181  +0.0031 | 0.0247  0.0233
    8  | 7.755e-06  4.063e-06  3.477e-06  3.178e-06  3.377e-06 |  +0.0193  +0.0035 | 0.0269  0.0252
    9  | 8.620e-06  3.916e-06  3.288e-06  3.321e-06  3.254e-06 |  +0.0215  +0.0048 | 0.0290  0.0269
   10  | 9.297e-06  4.039e-06  3.079e-06  3.159e-06  3.037e-06 |  +0.0220  +0.0051 | 0.0307  0.0283
   11  | 1.088e-05  4.599e-06  3.717e-06  4.081e-06  3.717e-06 |  +0.0239  +0.0060 | 0.0322  0.0294
   12  | 1.091e-05  5.419e-06  3.896e-06  4.199e-06  3.871e-06 |  +0.0229  +0.0044 | 0.0336  0.0305
   13  | 1.144e-05  5.261e-06  3.699e-06  4.049e-06  3.698e-06 |  +0.0243  +0.0051 | 0.0352  0.0318
   14  | 1.273e-05  5.776e-06  4.677e-06  5.323e-06  4.629e-06 |  +0.0261  +0.0066 | 0.0359  0.0323
   15  | 1.463e-05  5.817e-06  5.085e-06  5.690e-06  4.868e-06 |  +0.0283  +0.0080 | 0.0371  0.0331
   16  | 1.611e-05  6.552e-06  5.929e-06  6.642e-06  5.578e-06 |  +0.0293  +0.0088 | 0.0381  0.0339
