n=1024 L=16 s=0 (truth T=10000000)
 layer | MSE closure  resid(t=1)  resid(t=.95)  GAC   oracle-scale | 8*scale err: closure  GAC | gamma: formula  GAC
    1  | 7.145e-08  7.145e-08  7.145e-08  7.145e-08  7.136e-08 |  -0.0001  -0.0001 | 0.0000  0.0000
    2  | 1.936e-07  1.387e-07  1.387e-07  1.034e-07  1.274e-07 |  +0.0029  +0.0005 | 0.0041  0.0041
    3  | 4.505e-07  2.850e-07  2.786e-07  2.249e-07  2.544e-07 |  +0.0047  +0.0007 | 0.0066  0.0065
    4  | 7.141e-07  4.175e-07  3.926e-07  3.154e-07  3.475e-07 |  +0.0061  +0.0007 | 0.0088  0.0086
    5  | 1.087e-06  5.465e-07  5.014e-07  4.366e-07  4.666e-07 |  +0.0077  +0.0011 | 0.0104  0.0101
    6  | 1.389e-06  7.343e-07  6.614e-07  5.845e-07  6.275e-07 |  +0.0086  +0.0013 | 0.0119  0.0114
    7  | 1.724e-06  8.691e-07  7.706e-07  6.981e-07  7.457e-07 |  +0.0099  +0.0017 | 0.0134  0.0127
    8  | 1.948e-06  9.932e-07  8.630e-07  8.413e-07  8.437e-07 |  +0.0106  +0.0018 | 0.0145  0.0136
    9  | 2.233e-06  1.123e-06  9.459e-07  9.140e-07  9.298e-07 |  +0.0113  +0.0020 | 0.0157  0.0146
   10  | 2.553e-06  1.271e-06  1.044e-06  1.004e-06  1.033e-06 |  +0.0120  +0.0022 | 0.0168  0.0155
   11  | 2.787e-06  1.515e-06  1.157e-06  1.105e-06  1.138e-06 |  +0.0119  +0.0018 | 0.0175  0.0161
   12  | 3.406e-06  1.594e-06  1.191e-06  1.204e-06  1.189e-06 |  +0.0127  +0.0022 | 0.0181  0.0166
   13  | 3.547e-06  1.691e-06  1.204e-06  1.204e-06  1.204e-06 |  +0.0128  +0.0021 | 0.0187  0.0170
   14  | 3.872e-06  1.751e-06  1.281e-06  1.296e-06  1.275e-06 |  +0.0134  +0.0024 | 0.0191  0.0173
   15  | 3.996e-06  2.026e-06  1.368e-06  1.310e-06  1.365e-06 |  +0.0130  +0.0018 | 0.0195  0.0176
   16  | 4.142e-06  2.092e-06  1.504e-06  1.437e-06  1.482e-06 |  +0.0134  +0.0020 | 0.0198  0.0178
n=1024 L=16 s=1 (truth T=4000000)
 layer | MSE closure  resid(t=1)  resid(t=.95)  GAC   oracle-scale | 8*scale err: closure  GAC | gamma: formula  GAC
    1  | 1.507e-07  1.507e-07  1.507e-07  1.507e-07  1.507e-07 |  -0.0001  -0.0001 | 0.0000  0.0000
    2  | 2.743e-07  2.277e-07  2.277e-07  1.777e-07  2.081e-07 |  +0.0028  +0.0004 | 0.0043  0.0043
    3  | 6.317e-07  3.918e-07  3.843e-07  3.102e-07  3.598e-07 |  +0.0050  +0.0011 | 0.0067  0.0066
    4  | 1.003e-06  5.657e-07  5.383e-07  4.256e-07  5.005e-07 |  +0.0063  +0.0013 | 0.0085  0.0083
    5  | 1.591e-06  7.299e-07  6.798e-07  6.049e-07  6.534e-07 |  +0.0080  +0.0023 | 0.0103  0.0099
    6  | 1.855e-06  8.106e-07  7.338e-07  6.940e-07  7.136e-07 |  +0.0089  +0.0026 | 0.0115  0.0109
    7  | 2.113e-06  9.554e-07  7.968e-07  7.244e-07  7.562e-07 |  +0.0091  +0.0024 | 0.0126  0.0119
    8  | 2.549e-06  1.135e-06  9.350e-07  9.445e-07  9.100e-07 |  +0.0099  +0.0027 | 0.0136  0.0127
    9  | 3.007e-06  1.449e-06  1.151e-06  1.114e-06  1.124e-06 |  +0.0101  +0.0025 | 0.0143  0.0133
   10  | 3.314e-06  1.526e-06  1.196e-06  1.198e-06  1.186e-06 |  +0.0107  +0.0028 | 0.0150  0.0138
   11  | 3.912e-06  1.553e-06  1.245e-06  1.304e-06  1.244e-06 |  +0.0116  +0.0033 | 0.0156  0.0143
   12  | 4.006e-06  1.679e-06  1.217e-06  1.317e-06  1.217e-06 |  +0.0114  +0.0030 | 0.0161  0.0147
   13  | 3.998e-06  1.934e-06  1.338e-06  1.419e-06  1.338e-06 |  +0.0113  +0.0029 | 0.0167  0.0151
   14  | 4.175e-06  2.181e-06  1.506e-06  1.583e-06  1.506e-06 |  +0.0114  +0.0028 | 0.0172  0.0155
   15  | 3.869e-06  2.145e-06  1.465e-06  1.550e-06  1.464e-06 |  +0.0115  +0.0028 | 0.0176  0.0158
   16  | 4.428e-06  2.455e-06  1.574e-06  1.764e-06  1.570e-06 |  +0.0118  +0.0030 | 0.0183  0.0163
n=1024 L=16 s=2 (truth T=4000000)
 layer | MSE closure  resid(t=1)  resid(t=.95)  GAC   oracle-scale | 8*scale err: closure  GAC | gamma: formula  GAC
    1  | 1.698e-07  1.698e-07  1.698e-07  1.698e-07  1.693e-07 |  +0.0003  +0.0003 | 0.0000  0.0000
    2  | 2.613e-07  2.162e-07  2.162e-07  1.733e-07  2.006e-07 |  +0.0028  +0.0003 | 0.0042  0.0042
    3  | 5.760e-07  3.472e-07  3.407e-07  2.653e-07  3.197e-07 |  +0.0051  +0.0010 | 0.0068  0.0067
    4  | 9.477e-07  5.144e-07  4.919e-07  4.035e-07  4.642e-07 |  +0.0065  +0.0012 | 0.0086  0.0084
    5  | 1.355e-06  6.390e-07  5.944e-07  5.158e-07  5.706e-07 |  +0.0078  +0.0017 | 0.0100  0.0097
    6  | 1.781e-06  7.997e-07  7.312e-07  6.499e-07  7.156e-07 |  +0.0087  +0.0019 | 0.0112  0.0107
    7  | 1.986e-06  9.188e-07  8.006e-07  7.219e-07  7.785e-07 |  +0.0092  +0.0019 | 0.0123  0.0117
    8  | 2.230e-06  9.983e-07  8.819e-07  8.448e-07  8.769e-07 |  +0.0101  +0.0023 | 0.0131  0.0123
    9  | 2.510e-06  1.056e-06  9.120e-07  9.210e-07  9.108e-07 |  +0.0107  +0.0025 | 0.0140  0.0130
   10  | 2.958e-06  1.228e-06  1.053e-06  1.116e-06  1.053e-06 |  +0.0114  +0.0028 | 0.0148  0.0137
   11  | 2.857e-06  1.266e-06  9.967e-07  1.046e-06  9.959e-07 |  +0.0113  +0.0025 | 0.0155  0.0143
   12  | 3.305e-06  1.373e-06  1.112e-06  1.179e-06  1.109e-06 |  +0.0119  +0.0029 | 0.0160  0.0147
   13  | 3.575e-06  1.467e-06  1.210e-06  1.285e-06  1.192e-06 |  +0.0122  +0.0030 | 0.0164  0.0149
   14  | 3.569e-06  1.411e-06  1.149e-06  1.239e-06  1.118e-06 |  +0.0126  +0.0033 | 0.0169  0.0153
   15  | 3.421e-06  1.643e-06  1.258e-06  1.326e-06  1.242e-06 |  +0.0123  +0.0029 | 0.0175  0.0157
   16  | 3.296e-06  1.780e-06  1.267e-06  1.345e-06  1.258e-06 |  +0.0120  +0.0025 | 0.0181  0.0161
