n=256 L=16 s=0 (truth T=16000000)
 layer | MSE closure  resid(t=1)  resid(t=.95)  GAC   oracle-scale | 8*scale err: closure  GAC | gamma: formula  GAC
    1  | 3.757e-08  3.757e-08  3.757e-08  3.757e-08  3.755e-08 |  -0.0001  -0.0001 | 0.0000  0.0000
    2  | 1.869e-06  1.231e-06  1.231e-06  7.526e-07  1.042e-06 |  +0.0108  +0.0012 | 0.0160  0.0160
    3  | 6.743e-06  3.898e-06  3.786e-06  2.806e-06  3.297e-06 |  +0.0194  +0.0023 | 0.0276  0.0273
    4  | 1.192e-05  6.691e-06  6.331e-06  4.727e-06  5.726e-06 |  +0.0260  +0.0023 | 0.0362  0.0354
    5  | 2.074e-05  9.472e-06  9.012e-06  7.550e-06  8.831e-06 |  +0.0354  +0.0065 | 0.0436  0.0423
    6  | 2.627e-05  9.399e-06  8.913e-06  8.283e-06  8.896e-06 |  +0.0423  +0.0098 | 0.0493  0.0473
    7  | 2.905e-05  1.117e-05  1.021e-05  9.648e-06  1.016e-05 |  +0.0444  +0.0090 | 0.0545  0.0518
    8  | 4.195e-05  1.410e-05  1.323e-05  1.360e-05  1.321e-05 |  +0.0501  +0.0120 | 0.0588  0.0555
    9  | 4.334e-05  1.350e-05  1.262e-05  1.321e-05  1.251e-05 |  +0.0535  +0.0118 | 0.0628  0.0587
   10  | 4.742e-05  1.954e-05  1.530e-05  1.589e-05  1.520e-05 |  +0.0491  +0.0058 | 0.0669  0.0623
   11  | 5.890e-05  1.743e-05  1.261e-05  1.347e-05  1.259e-05 |  +0.0527  +0.0080 | 0.0694  0.0642
   12  | 5.878e-05  1.851e-05  1.411e-05  1.468e-05  1.396e-05 |  +0.0544  +0.0085 | 0.0714  0.0656
   13  | 4.756e-05  2.240e-05  1.414e-05  1.384e-05  1.409e-05 |  +0.0502  +0.0038 | 0.0750  0.0686
   14  | 5.605e-05  2.200e-05  1.450e-05  1.471e-05  1.443e-05 |  +0.0551  +0.0064 | 0.0782  0.0711
   15  | 5.381e-05  2.057e-05  1.368e-05  1.375e-05  1.342e-05 |  +0.0566  +0.0067 | 0.0800  0.0724
   16  | 6.286e-05  2.118e-05  1.400e-05  1.327e-05  1.318e-05 |  +0.0585  +0.0081 | 0.0815  0.0735
n=256 L=16 s=1 (truth T=16000000)
 layer | MSE closure  resid(t=1)  resid(t=.95)  GAC   oracle-scale | 8*scale err: closure  GAC | gamma: formula  GAC
    1  | 4.571e-08  4.571e-08  4.571e-08  4.571e-08  4.517e-08 |  -0.0003  -0.0003 | 0.0000  0.0000
    2  | 2.737e-06  2.316e-06  2.316e-06  9.884e-07  1.701e-06 |  +0.0104  +0.0010 | 0.0185  0.0185
    3  | 6.924e-06  4.071e-06  3.948e-06  2.806e-06  3.538e-06 |  +0.0189  +0.0036 | 0.0264  0.0259
    4  | 1.291e-05  7.207e-06  6.791e-06  4.930e-06  6.205e-06 |  +0.0241  +0.0049 | 0.0334  0.0324
    5  | 2.262e-05  1.210e-05  1.163e-05  9.277e-06  1.147e-05 |  +0.0318  +0.0088 | 0.0394  0.0377
    6  | 2.371e-05  1.282e-05  1.149e-05  9.245e-06  1.088e-05 |  +0.0322  +0.0069 | 0.0447  0.0426
    7  | 2.987e-05  1.286e-05  1.130e-05  9.848e-06  1.108e-05 |  +0.0376  +0.0089 | 0.0490  0.0462
    8  | 3.548e-05  1.478e-05  1.300e-05  1.184e-05  1.294e-05 |  +0.0413  +0.0099 | 0.0529  0.0493
    9  | 3.823e-05  1.575e-05  1.391e-05  1.396e-05  1.391e-05 |  +0.0442  +0.0107 | 0.0562  0.0521
   10  | 4.473e-05  1.646e-05  1.445e-05  1.506e-05  1.440e-05 |  +0.0469  +0.0120 | 0.0589  0.0542
   11  | 5.399e-05  1.771e-05  1.607e-05  1.754e-05  1.568e-05 |  +0.0490  +0.0129 | 0.0601  0.0549
   12  | 6.457e-05  1.694e-05  1.545e-05  1.789e-05  1.446e-05 |  +0.0510  +0.0138 | 0.0620  0.0562
   13  | 5.835e-05  2.325e-05  1.857e-05  1.923e-05  1.830e-05 |  +0.0475  +0.0105 | 0.0641  0.0577
   14  | 7.059e-05  2.717e-05  1.919e-05  1.969e-05  1.882e-05 |  +0.0471  +0.0096 | 0.0658  0.0590
   15  | 7.020e-05  2.822e-05  2.002e-05  1.923e-05  1.937e-05 |  +0.0472  +0.0088 | 0.0666  0.0597
   16  | 7.354e-05  3.109e-05  2.129e-05  1.935e-05  2.039e-05 |  +0.0468  +0.0079 | 0.0676  0.0605
n=256 L=16 s=2 (truth T=16000000)
 layer | MSE closure  resid(t=1)  resid(t=.95)  GAC   oracle-scale | 8*scale err: closure  GAC | gamma: formula  GAC
    1  | 4.379e-08  4.379e-08  4.379e-08  4.379e-08  4.372e-08 |  +0.0001  +0.0001 | 0.0000  0.0000
    2  | 2.441e-06  1.569e-06  1.569e-06  9.212e-07  1.408e-06 |  +0.0121  +0.0015 | 0.0169  0.0169
    3  | 7.206e-06  5.515e-06  5.383e-06  3.603e-06  4.676e-06 |  +0.0178  +0.0003 | 0.0282  0.0279
    4  | 1.148e-05  7.367e-06  6.924e-06  4.830e-06  6.046e-06 |  +0.0243  +0.0004 | 0.0363  0.0357
    5  | 1.907e-05  1.118e-05  9.992e-06  7.376e-06  8.669e-06 |  +0.0291  +0.0018 | 0.0433  0.0421
    6  | 2.342e-05  1.636e-05  1.306e-05  7.970e-06  9.861e-06 |  +0.0285  -0.0009 | 0.0482  0.0465
    7  | 2.434e-05  1.566e-05  1.214e-05  8.520e-06  1.023e-05 |  +0.0317  +0.0009 | 0.0513  0.0490
    8  | 2.086e-05  1.791e-05  1.275e-05  8.764e-06  9.706e-06 |  +0.0304  -0.0042 | 0.0564  0.0533
    9  | 2.627e-05  1.967e-05  1.358e-05  1.039e-05  1.151e-05 |  +0.0338  -0.0029 | 0.0589  0.0549
   10  | 3.054e-05  2.369e-05  1.546e-05  1.108e-05  1.321e-05 |  +0.0355  -0.0015 | 0.0630  0.0584
   11  | 2.570e-05  3.133e-05  1.802e-05  1.220e-05  1.277e-05 |  +0.0307  -0.0081 | 0.0674  0.0620
   12  | 2.453e-05  4.393e-05  2.420e-05  1.504e-05  1.463e-05 |  +0.0267  -0.0131 | 0.0728  0.0666
   13  | 2.315e-05  4.043e-05  2.061e-05  1.360e-05  1.301e-05 |  +0.0287  -0.0126 | 0.0760  0.0689
   14  | 3.067e-05  5.428e-05  2.639e-05  1.801e-05  1.725e-05 |  +0.0300  -0.0133 | 0.0798  0.0718
   15  | 3.699e-05  4.588e-05  2.227e-05  1.693e-05  1.805e-05 |  +0.0376  -0.0068 | 0.0831  0.0744
   16  | 4.487e-05  6.715e-05  2.728e-05  1.946e-05  2.029e-05 |  +0.0361  -0.0083 | 0.0858  0.0764
