layer | measured local scale | predicted scale: k3-fresh  k4-fresh  k3+k4 fresh  all(r<=4) | corr(pred_all, measured)
   2  |   +0.00136           |   +0.00093  +0.00041   +0.00134    +0.00134 | 0.98
   3  |   +0.00166           |   +0.00063  +0.00010   +0.00073    +0.00129 | 0.97
   4  |   +0.00150           |   +0.00038  +0.00003   +0.00041    +0.00098 | 0.96
   5  |   +0.00169           |   +0.00036  +0.00000   +0.00037    +0.00106 | 0.95
   6  |   +0.00147           |   +0.00021  +0.00000   +0.00021    +0.00092 | 0.92
   7  |   +0.00122           |   +0.00016  +0.00001   +0.00017    +0.00060 | 0.91
   8  |   +0.00095           |   +0.00015  -0.00001   +0.00014    +0.00047 | 0.89
   9  |   +0.00093           |   +0.00007  +0.00000   +0.00007    +0.00039 | 0.86
  10  |   +0.00061           |   +0.00006  -0.00000   +0.00005    +0.00022 | 0.86
  11  |   +0.00052           |   +0.00004  +0.00000   +0.00004    +0.00021 | 0.81
  12  |   +0.00057           |   +0.00004  +0.00000   +0.00004    +0.00023 | 0.83
  13  |   +0.00054           |   +0.00004  +0.00000   +0.00004    +0.00017 | 0.85
  14  |   +0.00039           |   +0.00002  +0.00000   +0.00002    +0.00012 | 0.82
  15  |   +0.00045           |   +0.00001  +0.00000   +0.00001    +0.00014 | 0.79
  16  |   +0.00027           |   -0.00000  +0.00000   -0.00000    +0.00006 | 0.77
