layer | measured | mixture(gamma_l)  tree(r<=4)  mixture+tree(prev-gamma) | corr: mixture  tree  sum
   2  | +0.00136 |  +0.00118        +0.00134     +0.00134            | 0.30  0.98  0.98
   3  | +0.00166 |  +0.00133        +0.00129     +0.00210            | 0.26  0.97  0.97
   4  | +0.00150 |  +0.00132        +0.00098     +0.00201            | 0.26  0.96  0.96
   5  | +0.00169 |  +0.00127        +0.00106     +0.00212            | 0.36  0.95  0.96
   6  | +0.00147 |  +0.00104        +0.00092     +0.00187            | 0.50  0.92  0.94
   7  | +0.00122 |  +0.00097        +0.00060     +0.00145            | 0.57  0.91  0.95
   8  | +0.00095 |  +0.00066        +0.00047     +0.00117            | 0.54  0.89  0.95
   9  | +0.00093 |  +0.00059        +0.00039     +0.00095            | 0.65  0.86  0.95
  10  | +0.00061 |  +0.00044        +0.00022     +0.00063            | 0.56  0.86  0.95
  11  | +0.00052 |  +0.00033        +0.00021     +0.00053            | 0.65  0.81  0.92
  12  | +0.00057 |  +0.00035        +0.00023     +0.00059            | 0.62  0.83  0.94
  13  | +0.00054 |  +0.00037        +0.00017     +0.00050            | 0.65  0.85  0.93
  14  | +0.00039 |  +0.00028        +0.00012     +0.00041            | 0.56  0.82  0.92
  15  | +0.00045 |  +0.00026        +0.00014     +0.00039            | 0.68  0.79  0.91
  16  | +0.00027 |  +0.00016        +0.00006     +0.00023            | 0.57  0.77  0.90
