 seed | MSE: closure   wall      cylinder  GAC      | corr with residual: d1    wall-cl  cyl-cl  GAC-cl | min_l 2<P(1-P)>
  100 | 9.10e-04  6.41e-04  6.43e-04  1.62e-04 |  +0.09   +0.88   +0.96   +0.92  | 0.200
  101 | 7.20e-04  6.04e-04  5.91e-04  1.90e-04 |  -0.16   +0.40   +0.68   +0.73  | 0.220
  102 | 2.76e-04  1.92e-04  2.08e-04  5.37e-05 |  +0.15   +0.63   +0.81   +0.84  | 0.208
  103 | 4.99e-04  4.41e-04  4.04e-04  1.28e-04 |  -0.22   +0.46   +0.81   +0.80  | 0.244
  104 | 3.19e-04  1.95e-04  2.59e-04  1.12e-04 |  +0.44   +0.73   +0.75   +0.74  | 0.212
  105 | 1.14e-03  7.91e-04  9.07e-04  2.14e-04 |  +0.30   +0.76   +0.81   +0.86  | 0.153
  106 | 3.75e-04  1.99e-04  2.87e-04  5.02e-05 |  +0.62   +0.82   +0.83   +0.90  | 0.154
  107 | 6.25e-04  3.43e-04  5.95e-04  3.42e-04 |  +0.67   +0.72   +0.36   +0.55  | 0.168
  108 | 2.16e-04  1.56e-04  1.94e-04  9.07e-05 |  +0.24   +0.52   +0.53   +0.62  | 0.254
  109 | 7.68e-04  5.46e-04  5.96e-04  2.21e-04 |  +0.12   +0.67   +0.83   +0.78  | 0.191
