layer   c_l    t_uniform   t_gap(per unit scale-content)   [output scale per unit local scale]
   1  0.318   +0.280      +0.280
   2  0.483   +0.426      +0.374
   3  0.589   +0.530      +0.564
   4  0.651   +0.624      +0.719
   5  0.697   +0.680      +0.514
   6  0.746   +0.690      +0.405
   7  0.775   +0.805      +1.148
   8  0.818   +0.841      +1.047
   9  0.835   +0.865      +0.589
  10  0.864   +0.896      +1.347
  11  0.890   +0.908      +1.116
  12  0.886   +0.934      +1.306
  13  0.887   +0.978      +1.903
  14  0.901   +0.983      +0.675
  15  0.908   +0.991      +0.815
