net 1: g4bar per layer: 0.0091 0.0150 0.0199 0.0257 0.0300 0.0351 0.0392 0.0425 0.0459 0.0490 0.0526 0.0544 0.0561 0.0595 0.0612
       g3 slope vs t: 0.0092 0.0129 0.0160 0.0181 0.0205 0.0221 0.0244 0.0255 0.0262 0.0280 0.0294 0.0298 0.0307 0.0307 0.0310
       g3 intercept: -0.0000 -0.0005 +0.0005 -0.0009 -0.0000 -0.0001 +0.0001 +0.0003 -0.0009 +0.0005 -0.0006 -0.0000 -0.0008 -0.0020 -0.0003
       R2: 0.37 0.63 0.74 0.76 0.81 0.83 0.84 0.87 0.86 0.86 0.89 0.89 0.89 0.89 0.90 [259s]
net 2: g4bar per layer: 0.0090 0.0162 0.0221 0.0269 0.0303 0.0341 0.0379 0.0400 0.0426 0.0453 0.0489 0.0522 0.0547 0.0574 0.0591
       g3 slope vs t: 0.0094 0.0133 0.0160 0.0190 0.0212 0.0224 0.0240 0.0248 0.0253 0.0262 0.0273 0.0273 0.0284 0.0291 0.0300
       g3 intercept: -0.0002 -0.0004 +0.0007 -0.0005 -0.0004 +0.0003 +0.0001 +0.0003 -0.0000 +0.0014 -0.0005 +0.0017 -0.0001 -0.0003 -0.0012
       R2: 0.35 0.63 0.72 0.80 0.84 0.86 0.87 0.87 0.89 0.90 0.89 0.90 0.89 0.90 0.89 [565s]
net 3: g4bar per layer: 0.0093 0.0158 0.0224 0.0260 0.0306 0.0340 0.0382 0.0432 0.0463 0.0476 0.0506 0.0511 0.0535 0.0565 0.0589
       g3 slope vs t: 0.0094 0.0136 0.0167 0.0186 0.0210 0.0227 0.0243 0.0258 0.0268 0.0273 0.0286 0.0295 0.0304 0.0311 0.0323
       g3 intercept: +0.0004 +0.0002 -0.0002 -0.0003 -0.0002 -0.0004 +0.0004 -0.0006 -0.0007 -0.0008 -0.0003 -0.0005 +0.0007 +0.0008 -0.0013
       R2: 0.37 0.66 0.75 0.84 0.84 0.85 0.85 0.85 0.87 0.88 0.89 0.89 0.90 0.90 0.90 [790s]
net 4: g4bar per layer: 0.0100 0.0163 0.0221 0.0265 0.0302 0.0332 0.0372 0.0407 0.0448 0.0474 0.0506 0.0550 0.0565 0.0592 0.0632
       g3 slope vs t: 0.0096 0.0130 0.0165 0.0183 0.0201 0.0219 0.0235 0.0246 0.0260 0.0268 0.0278 0.0297 0.0303 0.0312 0.0328
       g3 intercept: +0.0002 -0.0000 -0.0003 -0.0000 +0.0001 -0.0002 +0.0004 +0.0012 +0.0005 -0.0001 -0.0004 -0.0012 +0.0001 -0.0011 -0.0000
       R2: 0.38 0.62 0.74 0.80 0.84 0.85 0.86 0.86 0.87 0.86 0.88 0.88 0.87 0.87 0.88 [973s]
