net 0: covariance spectra by layer (pre-activation z | post-activation y)
  layer | z: PR   k90  k99  k999  decay p | y: PR   k90  k99  k999  decay p | y: mean^2/var (rank-one mean share)
    0  |  510.8  521  789  915   0.33  |  664.3  708  986 1021   0.28  | 0.47
    1  |  403.7  453  747  895   0.49  |  429.4  571  925 1003   0.55  | 0.94
    2  |  302.8  383  698  867   0.69  |  311.5  474  867  975   0.74  | 1.52
    3  |  239.5  331  654  839   0.85  |  247.2  415  814  941   0.89  | 2.01
    4  |  198.3  296  620  811   0.98  |  200.7  359  762  901   1.02  | 2.70
    5  |  167.3  265  586  780   1.09  |  169.1  325  732  875   1.11  | 3.04
    6  |  146.0  244  565  760   1.17  |  147.7  302  711  845   1.17  | 3.68
    7  |  129.0  229  548  743   1.23  |  131.4  283  675  821   1.23  | 4.27
    8  |  115.9  216  529  722   1.28  |  115.4  251  647  801   1.28  | 5.11
    9  |  104.2  199  506  704   1.33  |  100.9  234  648  806   1.33  | 5.85
   10  |   91.9  186  500  705   1.38  |   90.3  223  639  798   1.37  | 6.23
   11  |   81.3  179  493  700   1.41  |   77.5  207  599  748   1.40  | 7.60
   12  |   69.8  168  470  667   1.44  |   65.9  189  570  729   1.43  | 8.99
   13  |   61.8  156  450  649   1.48  |   58.9  173  540  708   1.47  | 9.89
   14  |   56.7  146  430  629   1.52  |   52.7  164  541  712   1.51  | 10.87
   15  |   50.8  140  428  632   1.54  |   48.6  153  512  692   1.53  | 11.99


