net 0: kappa3 diag (template 6 mu var) and kappa4 diag (12 var^2); readout-weighted (c3, c4) energies
  layer | truth: non-gain fraction k3 k4 | chain error: |gain part| |rest| (k3) | |gain part| |rest| (k4) | noise floor k3 k4
    2  | 0.531 0.121                    | 4.95e-05 6.63e-04         | 4.83e-05 6.81e-04          | 5.9e-04 4.2e-04
    3  | 0.473 0.126                    | 1.04e-05 7.23e-04         | 5.97e-05 7.97e-04          | 5.1e-04 3.7e-04
    4  | 0.405 0.124                    | 1.28e-05 6.98e-04         | 6.93e-05 7.43e-04          | 4.3e-04 3.0e-04
    5  | 0.402 0.138                    | 6.42e-05 8.21e-04         | 9.49e-05 8.17e-04          | 4.1e-04 2.6e-04
    6  | 0.384 0.148                    | 5.46e-05 8.41e-04         | 7.95e-05 8.32e-04          | 3.4e-04 2.3e-04
    7  | 0.353 0.171                    | 4.59e-05 9.13e-04         | 7.81e-05 8.52e-04          | 3.3e-04 2.1e-04
    8  | 0.331 0.175                    | 5.80e-05 9.43e-04         | 1.09e-05 8.75e-04          | 2.8e-04 1.7e-04
    9  | 0.332 0.182                    | 1.30e-04 9.50e-04         | 4.65e-07 9.34e-04          | 2.5e-04 1.6e-04
   10  | 0.315 0.195                    | 1.40e-04 1.08e-03         | 6.84e-05 9.61e-04          | 2.5e-04 1.6e-04
   11  | 0.296 0.223                    | 1.49e-04 1.06e-03         | 9.13e-06 1.06e-03          | 2.1e-04 1.4e-04
   12  | 0.262 0.216                    | 9.03e-05 1.04e-03         | 1.24e-05 8.99e-04          | 2.1e-04 1.3e-04
   13  | 0.269 0.242                    | 1.43e-04 1.02e-03         | 1.09e-04 1.05e-03          | 1.8e-04 1.2e-04
   14  | 0.257 0.232                    | 9.96e-05 1.20e-03         | 3.15e-05 1.02e-03          | 1.8e-04 1.1e-04
   15  | 0.256 0.253                    | 1.88e-04 1.06e-03         | 1.06e-04 9.90e-04          | 1.6e-04 1.0e-04


net 1: kappa3 diag (template 6 mu var) and kappa4 diag (12 var^2); readout-weighted (c3, c4) energies
  layer | truth: non-gain fraction k3 k4 | chain error: |gain part| |rest| (k3) | |gain part| |rest| (k4) | noise floor k3 k4
    2  | 0.551 0.132                    | 1.81e-05 6.74e-04         | 8.98e-06 6.69e-04          | 5.7e-04 3.8e-04
    3  | 0.487 0.132                    | 3.60e-05 6.95e-04         | 6.70e-07 7.52e-04          | 4.9e-04 3.8e-04
    4  | 0.453 0.139                    | 4.21e-05 7.78e-04         | 7.16e-05 7.66e-04          | 4.6e-04 2.9e-04
    5  | 0.402 0.141                    | 1.86e-05 8.14e-04         | 5.95e-05 8.27e-04          | 4.0e-04 2.7e-04
    6  | 0.390 0.160                    | 7.95e-05 8.55e-04         | 1.69e-05 8.82e-04          | 3.6e-04 2.2e-04
    7  | 0.365 0.159                    | 7.96e-05 9.05e-04         | 6.56e-05 8.55e-04          | 3.0e-04 2.0e-04
    8  | 0.339 0.174                    | 2.76e-05 9.45e-04         | 8.10e-05 9.40e-04          | 2.8e-04 1.8e-04
    9  | 0.353 0.188                    | 9.76e-05 1.01e-03         | 4.23e-05 9.71e-04          | 2.6e-04 1.7e-04
   10  | 0.335 0.210                    | 9.05e-06 1.04e-03         | 2.55e-05 1.04e-03          | 2.4e-04 1.5e-04
   11  | 0.301 0.235                    | 2.47e-05 1.13e-03         | 1.56e-06 1.09e-03          | 2.4e-04 1.4e-04
   12  | 0.294 0.244                    | 2.81e-05 1.17e-03         | 7.21e-05 1.03e-03          | 2.2e-04 1.4e-04
   13  | 0.300 0.263                    | 2.32e-05 1.18e-03         | 6.19e-05 1.12e-03          | 1.9e-04 1.3e-04
   14  | 0.286 0.255                    | 1.58e-04 1.34e-03         | 4.87e-05 1.24e-03          | 1.9e-04 1.2e-04
   15  | 0.268 0.272                    | 1.09e-04 1.20e-03         | 1.48e-05 1.11e-03          | 1.7e-04 1.2e-04


