net 0: gate spread rho_Phi by layer 1.00 1.56 1.79 1.88 1.94 1.94 1.92 2.13 2.00 1.88 1.92 2.04 1.93 1.91 2.02 1.97
  observability: share of o_l carried by the readout term (rest = transmission) 0.03 0.04 0.04 0.05 0.06 0.07 0.08 0.09 0.11 0.14 0.18 0.22 0.30 0.44 0.85
  observability concentration: participation n_eff = (sum o)^2 / sum o^2 by layer 1021 675 596 572 562 571 582 533 579 633 645 629 675 652 432 326
  (b, age): PR exact | predicted | energy captured by top r = 64 128 192 256 320 384 512 || observable PR | observable energy captured by top r
   ( 2, 1) l= 3:  367.1 |  367.3 | 0.291 0.494 0.642 0.751 0.831 0.889 0.957 ||  285.7 | 0.361 0.584 0.733 0.832 0.897 0.940 0.982
   ( 2, 2) l= 4:  219.0 |  219.3 | 0.443 0.679 0.817 0.897 0.944 0.971 0.994 ||  185.9 | 0.496 0.733 0.861 0.929 0.966 0.984 0.997
   ( 2, 4) l= 6:  119.0 |  119.8 | 0.646 0.861 0.946 0.980 0.993 0.998 1.000 ||  108.3 | 0.675 0.881 0.957 0.985 0.995 0.999 1.000
   ( 2, 6) l= 8:   79.7 |   81.3 | 0.770 0.939 0.984 0.996 0.999 1.000 1.000 ||   75.6 | 0.786 0.947 0.987 0.997 0.999 1.000 1.000
   ( 2, 8) l=10:   60.5 |   62.1 | 0.845 0.971 0.995 0.999 1.000 1.000 1.000 ||   58.5 | 0.853 0.974 0.995 0.999 1.000 1.000 1.000
   ( 2,10) l=12:   46.9 |   50.1 | 0.895 0.986 0.998 1.000 1.000 1.000 1.000 ||   47.3 | 0.899 0.987 0.998 1.000 1.000 1.000 1.000
   ( 2,12) l=14:   37.7 |   42.2 | 0.927 0.993 0.999 1.000 1.000 1.000 1.000 ||   42.4 | 0.931 0.994 0.999 1.000 1.000 1.000 1.000
   ( 5, 1) l= 6:  349.9 |  348.8 | 0.296 0.507 0.662 0.775 0.856 0.913 0.974 ||  278.4 | 0.363 0.594 0.748 0.849 0.914 0.954 0.990
   ( 5, 2) l= 7:  210.1 |  210.9 | 0.454 0.695 0.832 0.912 0.957 0.980 0.997 ||  177.5 | 0.510 0.753 0.879 0.943 0.975 0.990 0.999
   ( 5, 4) l= 9:  114.9 |  113.9 | 0.661 0.876 0.956 0.985 0.996 0.999 1.000 ||  107.0 | 0.684 0.891 0.964 0.989 0.997 0.999 1.000
   ( 5, 6) l=11:   78.8 |   80.0 | 0.774 0.942 0.986 0.997 0.999 1.000 1.000 ||   75.7 | 0.789 0.949 0.988 0.997 1.000 1.000 1.000
   ( 5, 8) l=13:   58.6 |   61.1 | 0.851 0.973 0.995 0.999 1.000 1.000 1.000 ||   59.2 | 0.856 0.975 0.996 0.999 1.000 1.000 1.000
   ( 5,10) l=15:   47.3 |   49.5 | 0.898 0.987 0.998 1.000 1.000 1.000 1.000 ||   48.4 | 0.907 0.990 0.999 1.000 1.000 1.000 1.000
   ( 8, 1) l= 9:  341.7 |  341.7 | 0.300 0.513 0.670 0.785 0.868 0.924 0.982 ||  283.1 | 0.355 0.586 0.743 0.848 0.916 0.957 0.993
   ( 8, 2) l=10:  209.5 |  209.8 | 0.453 0.697 0.838 0.917 0.961 0.983 0.998 ||  186.1 | 0.494 0.738 0.869 0.938 0.973 0.990 0.999
   ( 8, 4) l=12:  114.5 |  115.8 | 0.661 0.876 0.956 0.986 0.996 0.999 1.000 ||  108.7 | 0.679 0.889 0.963 0.989 0.997 0.999 1.000
   ( 8, 6) l=14:   80.8 |   80.7 | 0.774 0.942 0.986 0.997 0.999 1.000 1.000 ||   75.0 | 0.798 0.954 0.990 0.998 1.000 1.000 1.000
   (11, 1) l=12:  336.4 |  336.9 | 0.302 0.518 0.677 0.793 0.875 0.931 0.986 ||  288.0 | 0.348 0.579 0.738 0.846 0.916 0.959 0.994
   (11, 2) l=13:  206.7 |  206.1 | 0.457 0.704 0.843 0.922 0.965 0.986 0.999 ||  187.0 | 0.492 0.739 0.871 0.941 0.975 0.991 0.999
   (11, 4) l=15:  115.9 |  115.1 | 0.657 0.875 0.957 0.986 0.996 0.999 1.000 ||   96.5 | 0.720 0.916 0.977 0.994 0.999 1.000 1.000

