net 1: gate spread rho_Phi by layer 1.00 1.63 1.75 1.87 1.94 2.00 2.00 2.00 1.98 2.02 1.94 1.92 1.97 1.99 2.06 1.98
  observability: share of o_l carried by the readout term (rest = transmission) 0.03 0.04 0.05 0.05 0.06 0.07 0.08 0.10 0.12 0.13 0.18 0.22 0.31 0.46 0.85
  observability concentration: participation n_eff = (sum o)^2 / sum o^2 by layer 1021 648 609 575 564 551 559 571 589 587 639 663 674 654 409 314
  (b, age): PR exact | predicted | energy captured by top r = 64 128 192 256 320 384 512 || observable PR | observable energy captured by top r
   ( 2, 1) l= 3:  372.4 |  371.9 | 0.286 0.488 0.636 0.747 0.828 0.887 0.957 ||  290.4 | 0.355 0.578 0.728 0.828 0.895 0.938 0.982
   ( 2, 2) l= 4:  221.2 |  221.3 | 0.440 0.675 0.814 0.896 0.943 0.971 0.994 ||  186.8 | 0.494 0.732 0.859 0.929 0.965 0.984 0.997
   ( 2, 4) l= 6:  118.7 |  119.4 | 0.646 0.862 0.947 0.980 0.993 0.998 1.000 ||  108.1 | 0.677 0.884 0.959 0.986 0.996 0.999 1.000
   ( 2, 6) l= 8:   79.1 |   81.4 | 0.771 0.939 0.984 0.996 0.999 1.000 1.000 ||   75.0 | 0.787 0.947 0.987 0.997 0.999 1.000 1.000
   ( 2, 8) l=10:   58.4 |   61.8 | 0.852 0.972 0.995 0.999 1.000 1.000 1.000 ||   56.6 | 0.860 0.975 0.996 0.999 1.000 1.000 1.000
   ( 2,10) l=12:   46.4 |   50.1 | 0.899 0.986 0.998 1.000 1.000 1.000 1.000 ||   46.2 | 0.903 0.987 0.998 1.000 1.000 1.000 1.000
   ( 2,12) l=14:   38.3 |   42.0 | 0.931 0.993 0.999 1.000 1.000 1.000 1.000 ||   39.4 | 0.937 0.994 1.000 1.000 1.000 1.000 1.000
   ( 5, 1) l= 6:  340.8 |  341.1 | 0.304 0.517 0.672 0.784 0.863 0.918 0.977 ||  267.3 | 0.374 0.609 0.762 0.861 0.923 0.960 0.992
   ( 5, 2) l= 7:  205.4 |  204.7 | 0.461 0.704 0.842 0.919 0.961 0.983 0.998 ||  176.7 | 0.511 0.755 0.880 0.944 0.976 0.991 0.999
   ( 5, 4) l= 9:  112.6 |  114.0 | 0.664 0.877 0.956 0.986 0.996 0.999 1.000 ||  103.4 | 0.692 0.895 0.966 0.990 0.997 0.999 1.000
   ( 5, 6) l=11:   77.9 |   79.1 | 0.783 0.945 0.987 0.997 0.999 1.000 1.000 ||   75.3 | 0.791 0.950 0.989 0.998 1.000 1.000 1.000
   ( 5, 8) l=13:   58.6 |   60.8 | 0.855 0.974 0.996 0.999 1.000 1.000 1.000 ||   58.1 | 0.860 0.976 0.996 0.999 1.000 1.000 1.000
   ( 5,10) l=15:   45.3 |   49.0 | 0.903 0.988 0.999 1.000 1.000 1.000 1.000 ||   46.4 | 0.914 0.991 0.999 1.000 1.000 1.000 1.000
   ( 8, 1) l= 9:  343.5 |  343.6 | 0.298 0.512 0.669 0.784 0.866 0.923 0.981 ||  274.9 | 0.363 0.598 0.755 0.858 0.923 0.962 0.994
   ( 8, 2) l=10:  204.5 |  204.6 | 0.461 0.706 0.845 0.923 0.965 0.986 0.999 ||  182.9 | 0.499 0.745 0.875 0.943 0.976 0.991 0.999
   ( 8, 4) l=12:  115.4 |  115.6 | 0.658 0.875 0.956 0.986 0.996 0.999 1.000 ||  108.5 | 0.677 0.888 0.963 0.989 0.997 0.999 1.000
   ( 8, 6) l=14:   78.3 |   79.9 | 0.777 0.945 0.987 0.997 1.000 1.000 1.000 ||   70.6 | 0.806 0.957 0.991 0.998 1.000 1.000 1.000
   (11, 1) l=12:  351.1 |  351.3 | 0.291 0.501 0.659 0.776 0.862 0.921 0.983 ||  298.4 | 0.336 0.565 0.725 0.835 0.908 0.953 0.993
   (11, 2) l=13:  210.2 |  209.6 | 0.452 0.697 0.839 0.919 0.963 0.985 0.999 ||  189.3 | 0.487 0.734 0.867 0.938 0.974 0.990 0.999
   (11, 4) l=15:  114.2 |  114.6 | 0.661 0.878 0.958 0.987 0.997 0.999 1.000 ||   94.0 | 0.729 0.921 0.979 0.995 0.999 1.000 1.000

