net 1: tails eps(a, r) = 1 - (energy of J(b->l) in its top r directions); 'free' = same gates, fresh He weights
  gain per transport 2 E Phi^2 by layer 0.500 0.613 0.684 0.704 0.716 0.726 0.778 0.795 0.818 0.818 0.856 0.902 0.874 0.881 0.848 0.899
   b= 2 a= 1: PR  372.4 free-surrogate  370.7 predicted  371.9 | |J|_F^2/n 6.851e-01 | eps 7.1e-01 6.1e-01 5.1e-01 4.3e-01 3.6e-01 3.0e-01 2.5e-01 2.1e-01 1.7e-01 1.4e-01 1.1e-01 7.2e-02 4.3e-02 | free 7.1e-01 6.0e-01 5.1e-01 4.3e-01 3.6e-01 3.0e-01 2.5e-01 2.1e-01 1.7e-01 1.4e-01 1.1e-01 7.1e-02 4.3e-02
   b= 2 a= 2: PR  221.2 free-surrogate  220.3 predicted  221.3 | |J|_F^2/n 4.831e-01 | eps 5.6e-01 4.3e-01 3.2e-01 2.5e-01 1.9e-01 1.4e-01 1.0e-01 7.7e-02 5.7e-02 4.1e-02 2.9e-02 1.4e-02 6.4e-03 | free 5.6e-01 4.3e-01 3.2e-01 2.5e-01 1.9e-01 1.4e-01 1.0e-01 7.7e-02 5.6e-02 4.1e-02 2.9e-02 1.4e-02 6.3e-03
   b= 2 a= 3: PR  155.8 free-surrogate  153.5 predicted  155.8 | |J|_F^2/n 3.475e-01 | eps 4.4e-01 3.1e-01 2.1e-01 1.4e-01 9.8e-02 6.7e-02 4.5e-02 3.0e-02 1.9e-02 1.2e-02 7.9e-03 2.9e-03 9.6e-04 | free 4.4e-01 3.0e-01 2.1e-01 1.4e-01 9.8e-02 6.6e-02 4.5e-02 3.0e-02 1.9e-02 1.2e-02 7.8e-03 2.9e-03 9.6e-04
   b= 2 a= 4: PR  118.7 free-surrogate  117.5 predicted  119.4 | |J|_F^2/n 2.521e-01 | eps 3.5e-01 2.2e-01 1.4e-01 8.6e-02 5.3e-02 3.3e-02 2.0e-02 1.2e-02 6.7e-03 3.8e-03 2.1e-03 5.7e-04 1.3e-04 | free 3.5e-01 2.2e-01 1.4e-01 8.5e-02 5.3e-02 3.2e-02 2.0e-02 1.2e-02 6.7e-03 3.8e-03 2.1e-03 5.8e-04 1.4e-04
   b= 2 a= 5: PR   94.9 free-surrogate   96.6 predicted   96.8 | |J|_F^2/n 1.969e-01 | eps 2.8e-01 1.6e-01 9.2e-02 5.2e-02 2.9e-02 1.6e-02 8.7e-03 4.6e-03 2.4e-03 1.2e-03 5.6e-04 1.1e-04 1.8e-05 | free 2.9e-01 1.6e-01 9.1e-02 5.2e-02 2.9e-02 1.6e-02 8.7e-03 4.6e-03 2.4e-03 1.2e-03 5.7e-04 1.2e-04 1.9e-05
   b= 2 a= 6: PR   79.1 free-surrogate   81.6 predicted   81.4 | |J|_F^2/n 1.579e-01 | eps 2.3e-01 1.2e-01 6.1e-02 3.2e-02 1.6e-02 8.2e-03 4.0e-03 1.9e-03 8.5e-04 3.7e-04 1.5e-04 2.2e-05 2.5e-06 | free 2.3e-01 1.2e-01 6.3e-02 3.2e-02 1.6e-02 8.1e-03 4.0e-03 1.9e-03 8.6e-04 3.7e-04 1.6e-04 2.3e-05 2.5e-06
   b= 2 a= 7: PR   67.4 free-surrogate   70.5 predicted   70.4 | |J|_F^2/n 1.310e-01 | eps 1.8e-01 8.8e-02 4.2e-02 2.0e-02 9.1e-03 4.2e-03 1.8e-03 7.6e-04 3.1e-04 1.2e-04 4.2e-05 4.5e-06 3.4e-07 | free 1.9e-01 9.0e-02 4.3e-02 2.0e-02 9.2e-03 4.1e-03 1.8e-03 7.9e-04 3.2e-04 1.2e-04 4.3e-05 4.6e-06 3.5e-07
   b= 2 a= 8: PR   58.4 free-surrogate   61.1 predicted   61.8 | |J|_F^2/n 1.073e-01 | eps 1.5e-01 6.5e-02 2.8e-02 1.2e-02 5.2e-03 2.1e-03 8.3e-04 3.1e-04 1.1e-04 3.7e-05 1.1e-05 8.5e-07 4.2e-08 | free 1.5e-01 6.7e-02 2.9e-02 1.3e-02 5.2e-03 2.1e-03 8.3e-04 3.1e-04 1.1e-04 3.7e-05 1.1e-05 8.5e-07 4.1e-08
   b= 2 a= 9: PR   51.1 free-surrogate   53.7 predicted   55.3 | |J|_F^2/n 9.245e-02 | eps 1.2e-01 4.9e-02 2.0e-02 7.8e-03 3.0e-03 1.1e-03 4.0e-04 1.4e-04 4.3e-05 1.3e-05 3.4e-06 1.8e-07 5.8e-09 | free 1.3e-01 5.1e-02 2.0e-02 7.9e-03 3.0e-03 1.1e-03 3.9e-04 1.3e-04 4.2e-05 1.3e-05 3.4e-06 1.8e-07 5.8e-09
   b= 2 a=10: PR   46.4 free-surrogate   48.6 predicted   50.1 | |J|_F^2/n 8.363e-02 | eps 1.0e-01 3.7e-02 1.4e-02 5.1e-03 1.8e-03 6.0e-04 1.9e-04 5.8e-05 1.7e-05 4.4e-06 1.0e-06 3.9e-08 8.3e-10 | free 1.0e-01 3.8e-02 1.4e-02 5.2e-03 1.8e-03 6.0e-04 1.9e-04 5.9e-05 1.6e-05 4.2e-06 1.0e-06 3.9e-08 8.0e-10
   b= 2 a=11: PR   41.8 free-surrogate   44.8 predicted   45.7 | |J|_F^2/n 7.427e-02 | eps 8.2e-02 2.8e-02 9.7e-03 3.2e-03 1.0e-03 3.1e-04 9.3e-05 2.5e-05 6.4e-06 1.5e-06 2.9e-07 8.1e-09 1.0e-10 | free 8.7e-02 3.0e-02 1.0e-02 3.4e-03 1.1e-03 3.2e-04 9.5e-05 2.6e-05 6.4e-06 1.4e-06 2.9e-07 7.9e-09 1.0e-10
   b= 2 a=12: PR   38.3 free-surrogate   40.9 predicted   42.0 | |J|_F^2/n 6.630e-02 | eps 6.9e-02 2.2e-02 6.8e-03 2.0e-03 6.0e-04 1.7e-04 4.5e-05 1.1e-05 2.4e-06 4.8e-07 7.9e-08 1.5e-09 1.2e-11 | free 7.2e-02 2.2e-02 7.0e-03 2.2e-03 6.3e-04 1.7e-04 4.5e-05 1.1e-05 2.4e-06 4.7e-07 8.2e-08 1.6e-09 1.2e-11
   b= 5 a= 1: PR  340.8 free-surrogate  341.6 predicted  341.1 | |J|_F^2/n 7.264e-01 | eps 7.0e-01 5.8e-01 4.8e-01 4.0e-01 3.3e-01 2.7e-01 2.2e-01 1.7e-01 1.4e-01 1.1e-01 8.2e-02 4.6e-02 2.3e-02 | free 7.0e-01 5.8e-01 4.8e-01 4.0e-01 3.3e-01 2.7e-01 2.2e-01 1.7e-01 1.4e-01 1.1e-01 8.3e-02 4.6e-02 2.4e-02
   b= 5 a= 2: PR  205.4 free-surrogate  205.6 predicted  204.7 | |J|_F^2/n 5.645e-01 | eps 5.4e-01 4.0e-01 3.0e-01 2.2e-01 1.6e-01 1.1e-01 8.1e-02 5.7e-02 3.9e-02 2.6e-02 1.7e-02 6.9e-03 2.4e-03 | free 5.4e-01 4.0e-01 3.0e-01 2.2e-01 1.6e-01 1.1e-01 8.1e-02 5.7e-02 3.9e-02 2.6e-02 1.7e-02 6.9e-03 2.3e-03
   b= 5 a= 3: PR  145.5 free-surrogate  147.1 predicted  146.2 | |J|_F^2/n 4.499e-01 | eps 4.2e-01 2.8e-01 1.9e-01 1.2e-01 8.2e-02 5.2e-02 3.3e-02 2.1e-02 1.2e-02 7.3e-03 4.1e-03 1.2e-03 2.7e-04 | free 4.2e-01 2.8e-01 1.9e-01 1.2e-01 8.1e-02 5.3e-02 3.3e-02 2.1e-02 1.2e-02 7.2e-03 4.1e-03 1.2e-03 2.7e-04
   b= 5 a= 4: PR  112.6 free-surrogate  114.1 predicted  114.0 | |J|_F^2/n 3.705e-01 | eps 3.4e-01 2.0e-01 1.2e-01 7.4e-02 4.4e-02 2.5e-02 1.4e-02 7.9e-03 4.2e-03 2.1e-03 1.1e-03 2.2e-04 3.4e-05 | free 3.4e-01 2.0e-01 1.2e-01 7.4e-02 4.4e-02 2.5e-02 1.4e-02 7.8e-03 4.2e-03 2.1e-03 1.0e-03 2.1e-04 3.4e-05
   b= 5 a= 5: PR   91.4 free-surrogate   93.4 predicted   93.0 | |J|_F^2/n 3.024e-01 | eps 2.7e-01 1.5e-01 8.1e-02 4.4e-02 2.4e-02 1.2e-02 6.2e-03 3.0e-03 1.4e-03 6.3e-04 2.7e-04 3.8e-05 3.8e-06 | free 2.7e-01 1.5e-01 8.2e-02 4.4e-02 2.4e-02 1.2e-02 6.2e-03 3.0e-03 1.4e-03 6.2e-04 2.6e-04 3.7e-05 3.7e-06
   b= 5 a= 6: PR   77.9 free-surrogate   78.0 predicted   79.1 | |J|_F^2/n 2.590e-01 | eps 2.2e-01 1.1e-01 5.5e-02 2.7e-02 1.3e-02 6.3e-03 2.9e-03 1.3e-03 5.3e-04 2.1e-04 7.6e-05 7.9e-06 5.1e-07 | free 2.2e-01 1.1e-01 5.5e-02 2.7e-02 1.3e-02 6.3e-03 2.8e-03 1.2e-03 5.1e-04 2.0e-04 7.3e-05 7.6e-06 5.0e-07
   b= 5 a= 7: PR   67.1 free-surrogate   66.1 predicted   68.9 | |J|_F^2/n 2.350e-01 | eps 1.8e-01 8.3e-02 3.8e-02 1.7e-02 7.6e-03 3.3e-03 1.4e-03 5.3e-04 2.0e-04 7.0e-05 2.2e-05 1.6e-06 6.8e-08 | free 1.8e-01 8.2e-02 3.8e-02 1.7e-02 7.7e-03 3.3e-03 1.3e-03 5.3e-04 1.9e-04 6.6e-05 2.1e-05 1.5e-06 6.6e-08
   b= 5 a= 8: PR   58.6 free-surrogate   60.0 predicted   60.8 | |J|_F^2/n 2.071e-01 | eps 1.4e-01 6.2e-02 2.6e-02 1.1e-02 4.4e-03 1.7e-03 6.3e-04 2.3e-04 7.4e-05 2.3e-05 6.1e-06 3.1e-07 8.2e-09 | free 1.5e-01 6.3e-02 2.7e-02 1.1e-02 4.5e-03 1.7e-03 6.5e-04 2.3e-04 7.3e-05 2.2e-05 5.9e-06 3.1e-07 8.4e-09
   b= 5 a= 9: PR   52.6 free-surrogate   52.7 predicted   54.4 | |J|_F^2/n 1.850e-01 | eps 1.2e-01 4.7e-02 1.8e-02 6.8e-03 2.5e-03 8.8e-04 2.9e-04 9.4e-05 2.7e-05 7.1e-06 1.7e-06 5.9e-08 9.8e-10 | free 1.2e-01 4.7e-02 1.8e-02 7.1e-03 2.6e-03 8.9e-04 3.0e-04 9.3e-05 2.6e-05 6.9e-06 1.6e-06 5.9e-08 9.4e-10
   b= 5 a=10: PR   45.3 free-surrogate   47.3 predicted   49.0 | |J|_F^2/n 1.585e-01 | eps 9.7e-02 3.5e-02 1.2e-02 4.3e-03 1.4e-03 4.5e-04 1.3e-04 3.7e-05 9.3e-06 2.1e-06 4.2e-07 9.8e-09 9.6e-11 | free 1.0e-01 3.5e-02 1.2e-02 4.3e-03 1.4e-03 4.5e-04 1.3e-04 3.7e-05 9.1e-06 2.1e-06 4.1e-07 1.0e-08 9.1e-11
   b= 8 a= 1: PR  343.5 free-surrogate  343.5 predicted  343.6 | |J|_F^2/n 8.194e-01 | eps 7.0e-01 5.9e-01 4.9e-01 4.0e-01 3.3e-01 2.7e-01 2.2e-01 1.7e-01 1.3e-01 1.0e-01 7.7e-02 4.1e-02 1.9e-02 | free 7.0e-01 5.9e-01 4.9e-01 4.0e-01 3.3e-01 2.7e-01 2.2e-01 1.7e-01 1.3e-01 1.0e-01 7.8e-02 4.1e-02 1.9e-02
   b= 8 a= 2: PR  204.5 free-surrogate  204.3 predicted  204.6 | |J|_F^2/n 6.664e-01 | eps 5.4e-01 4.0e-01 2.9e-01 2.1e-01 1.6e-01 1.1e-01 7.7e-02 5.3e-02 3.5e-02 2.3e-02 1.4e-02 5.1e-03 1.4e-03 | free 5.4e-01 4.0e-01 2.9e-01 2.1e-01 1.5e-01 1.1e-01 7.6e-02 5.2e-02 3.5e-02 2.3e-02 1.4e-02 5.0e-03 1.4e-03
   b= 8 a= 3: PR  147.5 free-surrogate  145.7 predicted  147.4 | |J|_F^2/n 5.687e-01 | eps 4.3e-01 2.8e-01 1.9e-01 1.2e-01 8.1e-02 5.2e-02 3.2e-02 2.0e-02 1.2e-02 6.5e-03 3.6e-03 8.9e-04 1.6e-04 | free 4.2e-01 2.8e-01 1.9e-01 1.2e-01 8.0e-02 5.1e-02 3.2e-02 1.9e-02 1.1e-02 6.4e-03 3.5e-03 8.7e-04 1.6e-04
   b= 8 a= 4: PR  115.4 free-surrogate  113.4 predicted  115.6 | |J|_F^2/n 5.141e-01 | eps 3.4e-01 2.1e-01 1.3e-01 7.5e-02 4.4e-02 2.5e-02 1.4e-02 7.6e-03 3.9e-03 2.0e-03 9.2e-04 1.6e-04 2.0e-05 | free 3.4e-01 2.1e-01 1.2e-01 7.4e-02 4.4e-02 2.5e-02 1.4e-02 7.5e-03 3.9e-03 1.9e-03 8.9e-04 1.6e-04 1.9e-05
   b= 8 a= 5: PR   93.1 free-surrogate   94.3 predicted   94.5 | |J|_F^2/n 4.529e-01 | eps 2.7e-01 1.5e-01 8.3e-02 4.5e-02 2.4e-02 1.2e-02 6.2e-03 3.0e-03 1.4e-03 5.9e-04 2.4e-04 2.9e-05 2.2e-06 | free 2.8e-01 1.5e-01 8.4e-02 4.6e-02 2.4e-02 1.3e-02 6.3e-03 3.0e-03 1.4e-03 5.9e-04 2.4e-04 2.9e-05 2.2e-06
   b= 8 a= 6: PR   78.3 free-surrogate   78.8 predicted   79.9 | |J|_F^2/n 4.049e-01 | eps 2.2e-01 1.1e-01 5.5e-02 2.7e-02 1.3e-02 6.1e-03 2.8e-03 1.2e-03 4.8e-04 1.8e-04 6.1e-05 5.2e-06 2.4e-07 | free 2.2e-01 1.1e-01 5.6e-02 2.8e-02 1.3e-02 6.2e-03 2.8e-03 1.2e-03 4.8e-04 1.8e-04 6.1e-05 5.2e-06 2.4e-07
   b= 8 a= 7: PR   66.7 free-surrogate   68.5 predicted   68.8 | |J|_F^2/n 3.436e-01 | eps 1.8e-01 8.2e-02 3.8e-02 1.7e-02 7.2e-03 3.0e-03 1.2e-03 4.6e-04 1.6e-04 5.1e-05 1.5e-05 8.3e-07 2.3e-08 | free 1.8e-01 8.2e-02 3.7e-02 1.7e-02 7.3e-03 3.0e-03 1.2e-03 4.6e-04 1.6e-04 5.1e-05 1.5e-05 8.5e-07 2.2e-08
   b=11 a= 1: PR  351.1 free-surrogate  351.3 predicted  351.3 | |J|_F^2/n 9.037e-01 | eps 7.1e-01 6.0e-01 5.0e-01 4.1e-01 3.4e-01 2.8e-01 2.2e-01 1.8e-01 1.4e-01 1.1e-01 7.9e-02 4.1e-02 1.7e-02 | free 7.1e-01 6.0e-01 5.0e-01 4.1e-01 3.4e-01 2.8e-01 2.2e-01 1.8e-01 1.4e-01 1.1e-01 7.9e-02 4.0e-02 1.7e-02
   b=11 a= 2: PR  210.2 free-surrogate  210.2 predicted  209.6 | |J|_F^2/n 7.887e-01 | eps 5.5e-01 4.1e-01 3.0e-01 2.2e-01 1.6e-01 1.2e-01 8.1e-02 5.5e-02 3.7e-02 2.4e-02 1.5e-02 5.0e-03 1.3e-03 | free 5.5e-01 4.1e-01 3.0e-01 2.2e-01 1.6e-01 1.2e-01 8.1e-02 5.5e-02 3.7e-02 2.4e-02 1.5e-02 5.0e-03 1.3e-03
   b=11 a= 3: PR  149.0 free-surrogate  147.9 predicted  149.0 | |J|_F^2/n 7.029e-01 | eps 4.3e-01 2.9e-01 1.9e-01 1.3e-01 8.1e-02 5.1e-02 3.2e-02 1.9e-02 1.1e-02 6.1e-03 3.2e-03 7.2e-04 1.2e-04 | free 4.3e-01 2.9e-01 1.9e-01 1.2e-01 8.1e-02 5.1e-02 3.2e-02 1.9e-02 1.1e-02 6.2e-03 3.3e-03 7.4e-04 1.1e-04
   b=11 a= 4: PR  114.2 free-surrogate  112.4 predicted  114.6 | |J|_F^2/n 5.965e-01 | eps 3.4e-01 2.0e-01 1.2e-01 7.2e-02 4.2e-02 2.3e-02 1.3e-02 6.7e-03 3.3e-03 1.6e-03 6.9e-04 1.0e-04 9.3e-06 | free 3.3e-01 2.0e-01 1.2e-01 7.1e-02 4.1e-02 2.3e-02 1.3e-02 6.7e-03 3.4e-03 1.6e-03 7.0e-04 1.0e-04 9.2e-06
  mean over birth layers: age | PR exact / free / predicted | eps(r) for r = 64 96 128 160 192 224 256 288 320 352 384 448 512
   a= 1 |  352.0 /  351.8 /  352.0 | 7.05e-01 5.92e-01 4.96e-01 4.12e-01 3.41e-01 2.79e-01 2.27e-01 1.83e-01 1.45e-01 1.14e-01 8.80e-02 4.97e-02 2.58e-02 | free 7.05e-01 5.92e-01 4.96e-01 4.12e-01 3.41e-01 2.79e-01 2.27e-01 1.83e-01 1.45e-01 1.14e-01 8.80e-02 4.98e-02 2.58e-02
   a= 2 |  210.3 /  210.1 /  210.0 | 5.47e-01 4.09e-01 3.04e-01 2.25e-01 1.65e-01 1.20e-01 8.58e-02 6.05e-02 4.20e-02 2.85e-02 1.89e-02 7.77e-03 2.86e-03 | free 5.46e-01 4.08e-01 3.04e-01 2.25e-01 1.65e-01 1.20e-01 8.55e-02 6.02e-02 4.17e-02 2.83e-02 1.89e-02 7.74e-03 2.85e-03
   a= 3 |  149.5 /  148.6 /  149.6 | 4.31e-01 2.90e-01 1.95e-01 1.30e-01 8.55e-02 5.55e-02 3.54e-02 2.22e-02 1.36e-02 8.10e-03 4.69e-03 1.42e-03 3.76e-04 | free 4.29e-01 2.89e-01 1.94e-01 1.29e-01 8.50e-02 5.53e-02 3.53e-02 2.21e-02 1.35e-02 8.04e-03 4.66e-03 1.42e-03 3.77e-04
   a= 4 |  115.2 /  114.4 /  115.9 | 3.43e-01 2.09e-01 1.27e-01 7.67e-02 4.56e-02 2.66e-02 1.52e-02 8.44e-03 4.55e-03 2.37e-03 1.19e-03 2.62e-04 4.92e-05 | free 3.40e-01 2.07e-01 1.26e-01 7.61e-02 4.53e-02 2.65e-02 1.51e-02 8.41e-03 4.53e-03 2.36e-03 1.18e-03 2.65e-04 4.93e-05
   a= 5 |   93.1 /   94.8 /   94.8 | 2.75e-01 1.53e-01 8.53e-02 4.72e-02 2.56e-02 1.36e-02 7.06e-03 3.56e-03 1.73e-03 8.03e-04 3.55e-04 6.00e-05 8.11e-06 | free 2.78e-01 1.55e-01 8.59e-02 4.72e-02 2.57e-02 1.36e-02 7.05e-03 3.53e-03 1.71e-03 7.95e-04 3.55e-04 6.04e-05 8.15e-06
   a= 6 |   78.4 /   79.4 /   80.1 | 2.23e-01 1.13e-01 5.73e-02 2.89e-02 1.42e-02 6.88e-03 3.22e-03 1.44e-03 6.21e-04 2.54e-04 9.73e-05 1.19e-05 1.08e-06 | free 2.24e-01 1.14e-01 5.80e-02 2.91e-02 1.43e-02 6.88e-03 3.20e-03 1.44e-03 6.16e-04 2.50e-04 9.68e-05 1.19e-05 1.09e-06
   a= 7 |   67.1 /   68.4 /   69.4 | 1.81e-01 8.41e-02 3.91e-02 1.79e-02 7.98e-03 3.50e-03 1.46e-03 5.85e-04 2.22e-04 7.95e-05 2.63e-05 2.30e-06 1.44e-07 | free 1.82e-01 8.46e-02 3.94e-02 1.80e-02 8.05e-03 3.49e-03 1.47e-03 5.92e-04 2.22e-04 7.90e-05 2.64e-05 2.32e-06 1.46e-07
   a= 8 |   58.5 /   60.6 /   61.3 | 1.46e-01 6.32e-02 2.71e-02 1.15e-02 4.78e-03 1.92e-03 7.31e-04 2.69e-04 9.23e-05 2.97e-05 8.74e-06 5.81e-07 2.50e-08 | free 1.52e-01 6.52e-02 2.80e-02 1.19e-02 4.89e-03 1.93e-03 7.41e-04 2.71e-04 9.19e-05 2.95e-05 8.67e-06 5.80e-07 2.47e-08
   a= 9 |   51.8 /   53.2 /   54.8 | 1.21e-01 4.80e-02 1.87e-02 7.28e-03 2.75e-03 1.00e-03 3.50e-04 1.14e-04 3.50e-05 9.98e-06 2.52e-06 1.21e-07 3.40e-09 | free 1.23e-01 4.85e-02 1.92e-02 7.49e-03 2.80e-03 1.00e-03 3.44e-04 1.13e-04 3.42e-05 9.77e-06 2.52e-06 1.21e-07 3.39e-09
   a=10 |   45.8 /   48.0 /   49.6 | 9.91e-02 3.62e-02 1.31e-02 4.68e-03 1.59e-03 5.23e-04 1.63e-04 4.75e-05 1.30e-05 3.23e-06 7.24e-07 2.45e-08 4.65e-10 | free 1.02e-01 3.67e-02 1.32e-02 4.73e-03 1.62e-03 5.26e-04 1.62e-04 4.80e-05 1.27e-05 3.14e-06 7.06e-07 2.43e-08 4.45e-10
   a=11 |   41.8 /   44.8 /   45.7 | 8.18e-02 2.83e-02 9.72e-03 3.19e-03 1.03e-03 3.14e-04 9.29e-05 2.52e-05 6.43e-06 1.46e-06 2.89e-07 8.10e-09 1.00e-10 | free 8.71e-02 2.98e-02 9.96e-03 3.39e-03 1.10e-03 3.24e-04 9.46e-05 2.60e-05 6.36e-06 1.44e-06 2.93e-07 7.93e-09 1.04e-10
   a=12 |   38.3 /   40.9 /   42.0 | 6.86e-02 2.17e-02 6.79e-03 2.05e-03 5.97e-04 1.66e-04 4.47e-05 1.07e-05 2.39e-06 4.75e-07 7.92e-08 1.54e-09 1.23e-11 | free 7.16e-02 2.22e-02 6.95e-03 2.18e-03 6.31e-04 1.71e-04 4.51e-05 1.09e-05 2.35e-06 4.67e-07 8.23e-08 1.55e-09 1.21e-11
  local log-slope p = -dlog eps/dlog r between consecutive ranks (exact legs):
   a= 1:   0.4   0.6   0.8   1.0   1.3   1.6   1.8   2.2   2.6   3.0   3.7   4.9
   a= 2:   0.7   1.0   1.3   1.7   2.1   2.5   3.0   3.5   4.1   4.7   5.8   7.5
   a= 3:   1.0   1.4   1.8   2.3   2.8   3.4   4.0   4.7   5.4   6.3   7.7  10.0
   a= 4:   1.2   1.7   2.3   2.9   3.5   4.2   5.0   5.9   6.8   7.9   9.8  12.5
   a= 5:   1.4   2.0   2.7   3.3   4.1   4.9   5.8   6.8   8.0   9.4  11.5  15.0
   a= 6:   1.7   2.4   3.1   3.9   4.7   5.7   6.8   8.0   9.4  11.0  13.7  17.9
   a= 7:   1.9   2.7   3.5   4.4   5.4   6.5   7.8   9.2  10.8  12.7  15.8  20.7
   a= 8:   2.1   2.9   3.8   4.8   5.9   7.2   8.5  10.1  11.9  14.1  17.6  23.6
   a= 9:   2.3   3.3   4.2   5.3   6.6   7.9   9.5  11.2  13.1  15.8  19.7  26.7
   a=10:   2.5   3.5   4.6   5.9   7.2   8.7  10.5  12.3  14.6  17.2  22.0  29.7
   a=11:   2.6   3.7   5.0   6.2   7.7   9.1  11.1  13.0  15.6  18.6  23.2  32.9
   a=12:   2.8   4.0   5.4   6.8   8.3   9.8  12.1  14.2  16.9  20.6  25.6  36.2

