net 0: tails eps(a, r) = 1 - (energy of J(b->l) in its top r directions); 'free' = same gates, fresh He weights
  gain per transport 2 E Phi^2 by layer 0.500 0.605 0.669 0.694 0.734 0.759 0.783 0.710 0.806 0.874 0.856 0.823 0.882 0.912 0.865 0.901
   b= 2 a= 1: PR  367.1 free-surrogate  367.4 predicted  367.3 | |J|_F^2/n 6.681e-01 | eps 7.1e-01 6.0e-01 5.1e-01 4.3e-01 3.6e-01 3.0e-01 2.5e-01 2.1e-01 1.7e-01 1.4e-01 1.1e-01 7.1e-02 4.3e-02 | free 7.1e-01 6.0e-01 5.1e-01 4.3e-01 3.6e-01 3.0e-01 2.5e-01 2.1e-01 1.7e-01 1.4e-01 1.1e-01 7.1e-02 4.3e-02
   b= 2 a= 2: PR  219.0 free-surrogate  219.3 predicted  219.3 | |J|_F^2/n 4.629e-01 | eps 5.6e-01 4.2e-01 3.2e-01 2.4e-01 1.8e-01 1.4e-01 1.0e-01 7.6e-02 5.6e-02 4.0e-02 2.9e-02 1.4e-02 6.4e-03 | free 5.6e-01 4.2e-01 3.2e-01 2.4e-01 1.8e-01 1.4e-01 1.0e-01 7.6e-02 5.6e-02 4.0e-02 2.9e-02 1.4e-02 6.3e-03
   b= 2 a= 3: PR  155.0 free-surrogate  154.3 predicted  154.9 | |J|_F^2/n 3.390e-01 | eps 4.4e-01 3.0e-01 2.1e-01 1.4e-01 9.9e-02 6.7e-02 4.5e-02 2.9e-02 1.9e-02 1.2e-02 7.7e-03 2.9e-03 9.4e-04 | free 4.4e-01 3.0e-01 2.1e-01 1.4e-01 9.7e-02 6.5e-02 4.4e-02 2.9e-02 1.9e-02 1.2e-02 7.6e-03 2.8e-03 9.4e-04
   b= 2 a= 4: PR  119.0 free-surrogate  118.6 predicted  119.8 | |J|_F^2/n 2.579e-01 | eps 3.5e-01 2.2e-01 1.4e-01 8.7e-02 5.4e-02 3.3e-02 2.0e-02 1.2e-02 7.0e-03 4.0e-03 2.2e-03 6.1e-04 1.4e-04 | free 3.5e-01 2.2e-01 1.4e-01 8.6e-02 5.3e-02 3.3e-02 2.0e-02 1.2e-02 6.8e-03 3.9e-03 2.2e-03 6.0e-04 1.4e-04
   b= 2 a= 5: PR   95.8 free-surrogate   97.9 predicted   97.8 | |J|_F^2/n 2.030e-01 | eps 2.9e-01 1.6e-01 9.4e-02 5.3e-02 3.0e-02 1.7e-02 9.4e-03 5.0e-03 2.6e-03 1.3e-03 6.4e-04 1.3e-04 2.3e-05 | free 2.9e-01 1.7e-01 9.4e-02 5.4e-02 3.1e-02 1.7e-02 9.4e-03 5.0e-03 2.6e-03 1.3e-03 6.5e-04 1.4e-04 2.3e-05
   b= 2 a= 6: PR   79.7 free-surrogate   81.3 predicted   81.3 | |J|_F^2/n 1.442e-01 | eps 2.3e-01 1.2e-01 6.1e-02 3.2e-02 1.6e-02 8.2e-03 4.0e-03 1.9e-03 8.7e-04 3.9e-04 1.6e-04 2.5e-05 2.8e-06 | free 2.3e-01 1.2e-01 6.2e-02 3.2e-02 1.7e-02 8.3e-03 4.1e-03 1.9e-03 8.9e-04 3.9e-04 1.7e-04 2.4e-05 2.8e-06
   b= 2 a= 7: PR   69.2 free-surrogate   70.7 predicted   70.1 | |J|_F^2/n 1.163e-01 | eps 1.9e-01 8.8e-02 4.2e-02 2.0e-02 9.3e-03 4.2e-03 1.9e-03 7.9e-04 3.2e-04 1.2e-04 4.5e-05 5.0e-06 3.7e-07 | free 1.9e-01 9.0e-02 4.3e-02 2.0e-02 9.5e-03 4.3e-03 1.9e-03 8.0e-04 3.3e-04 1.3e-04 4.6e-05 4.9e-06 3.7e-07
   b= 2 a= 8: PR   60.5 free-surrogate   61.6 predicted   62.1 | |J|_F^2/n 1.022e-01 | eps 1.5e-01 6.7e-02 2.9e-02 1.3e-02 5.5e-03 2.3e-03 9.2e-04 3.5e-04 1.3e-04 4.4e-05 1.4e-05 1.1e-06 5.9e-08 | free 1.6e-01 6.8e-02 3.0e-02 1.3e-02 5.5e-03 2.3e-03 9.2e-04 3.5e-04 1.3e-04 4.4e-05 1.4e-05 1.1e-06 5.9e-08
   b= 2 a= 9: PR   53.3 free-surrogate   54.9 predicted   55.6 | |J|_F^2/n 8.788e-02 | eps 1.3e-01 5.1e-02 2.0e-02 8.1e-03 3.2e-03 1.2e-03 4.5e-04 1.5e-04 5.0e-05 1.5e-05 4.2e-06 2.5e-07 9.2e-09 | free 1.3e-01 5.3e-02 2.1e-02 8.5e-03 3.3e-03 1.2e-03 4.5e-04 1.5e-04 4.9e-05 1.5e-05 4.3e-06 2.5e-07 9.0e-09
   b= 2 a=10: PR   46.9 free-surrogate   49.8 predicted   50.1 | |J|_F^2/n 7.228e-02 | eps 1.1e-01 3.8e-02 1.4e-02 5.1e-03 1.8e-03 6.2e-04 2.1e-04 6.4e-05 1.8e-05 4.8e-06 1.2e-06 4.8e-08 1.1e-09 | free 1.1e-01 4.0e-02 1.4e-02 5.3e-03 1.9e-03 6.4e-04 2.1e-04 6.4e-05 1.8e-05 4.8e-06 1.1e-06 4.9e-08 1.1e-09
   b= 2 a=11: PR   41.8 free-surrogate   45.7 predicted   45.8 | |J|_F^2/n 6.454e-02 | eps 8.7e-02 2.9e-02 9.9e-03 3.3e-03 1.1e-03 3.4e-04 1.0e-04 2.8e-05 7.1e-06 1.6e-06 3.4e-07 1.0e-08 1.4e-10 | free 9.0e-02 3.1e-02 1.0e-02 3.5e-03 1.1e-03 3.6e-04 1.0e-04 2.8e-05 7.1e-06 1.6e-06 3.4e-07 1.1e-08 1.5e-10
   b= 2 a=12: PR   37.7 free-surrogate   42.2 predicted   42.2 | |J|_F^2/n 5.860e-02 | eps 7.3e-02 2.3e-02 7.2e-03 2.2e-03 6.5e-04 1.9e-04 5.0e-05 1.2e-05 2.9e-06 5.7e-07 1.0e-07 2.1e-09 2.0e-11 | free 7.4e-02 2.4e-02 7.4e-03 2.3e-03 6.8e-04 1.9e-04 5.1e-05 1.3e-05 2.8e-06 5.6e-07 1.0e-07 2.2e-09 2.0e-11
   b= 5 a= 1: PR  349.9 free-surrogate  348.0 predicted  348.8 | |J|_F^2/n 7.609e-01 | eps 7.0e-01 5.9e-01 4.9e-01 4.1e-01 3.4e-01 2.8e-01 2.2e-01 1.8e-01 1.4e-01 1.1e-01 8.7e-02 5.0e-02 2.6e-02 | free 7.0e-01 5.9e-01 4.9e-01 4.1e-01 3.4e-01 2.8e-01 2.2e-01 1.8e-01 1.4e-01 1.1e-01 8.7e-02 4.9e-02 2.6e-02
   b= 5 a= 2: PR  210.1 free-surrogate  211.9 predicted  210.9 | |J|_F^2/n 5.993e-01 | eps 5.5e-01 4.1e-01 3.1e-01 2.3e-01 1.7e-01 1.2e-01 8.8e-02 6.2e-02 4.3e-02 3.0e-02 2.0e-02 8.4e-03 3.1e-03 | free 5.5e-01 4.1e-01 3.1e-01 2.3e-01 1.7e-01 1.2e-01 8.8e-02 6.3e-02 4.4e-02 3.0e-02 2.0e-02 8.5e-03 3.1e-03
   b= 5 a= 3: PR  147.2 free-surrogate  147.8 predicted  146.5 | |J|_F^2/n 4.241e-01 | eps 4.2e-01 2.8e-01 1.9e-01 1.3e-01 8.2e-02 5.3e-02 3.4e-02 2.1e-02 1.3e-02 7.6e-03 4.4e-03 1.3e-03 3.2e-04 | free 4.3e-01 2.9e-01 1.9e-01 1.3e-01 8.3e-02 5.4e-02 3.4e-02 2.1e-02 1.3e-02 7.7e-03 4.4e-03 1.3e-03 3.1e-04
   b= 5 a= 4: PR  114.9 free-surrogate  115.1 predicted  113.9 | |J|_F^2/n 3.414e-01 | eps 3.4e-01 2.1e-01 1.2e-01 7.4e-02 4.4e-02 2.6e-02 1.5e-02 8.1e-03 4.3e-03 2.2e-03 1.1e-03 2.3e-04 3.8e-05 | free 3.4e-01 2.1e-01 1.3e-01 7.5e-02 4.5e-02 2.6e-02 1.5e-02 8.1e-03 4.3e-03 2.2e-03 1.1e-03 2.3e-04 3.8e-05
   b= 5 a= 5: PR   93.8 free-surrogate   95.0 predicted   94.2 | |J|_F^2/n 2.992e-01 | eps 2.7e-01 1.5e-01 8.4e-02 4.6e-02 2.5e-02 1.3e-02 6.9e-03 3.4e-03 1.6e-03 7.5e-04 3.2e-04 5.0e-05 5.6e-06 | free 2.8e-01 1.5e-01 8.5e-02 4.7e-02 2.5e-02 1.3e-02 6.8e-03 3.4e-03 1.6e-03 7.3e-04 3.2e-04 5.0e-05 5.7e-06
   b= 5 a= 6: PR   78.8 free-surrogate   80.1 predicted   80.0 | |J|_F^2/n 2.561e-01 | eps 2.3e-01 1.1e-01 5.8e-02 2.9e-02 1.4e-02 6.9e-03 3.2e-03 1.4e-03 6.2e-04 2.5e-04 9.4e-05 1.1e-05 8.4e-07 | free 2.3e-01 1.1e-01 5.8e-02 2.9e-02 1.4e-02 6.9e-03 3.2e-03 1.4e-03 5.9e-04 2.4e-04 9.3e-05 1.1e-05 8.2e-07
   b= 5 a= 7: PR   67.8 free-surrogate   69.5 predicted   69.0 | |J|_F^2/n 2.109e-01 | eps 1.8e-01 8.4e-02 3.9e-02 1.8e-02 7.8e-03 3.5e-03 1.5e-03 5.8e-04 2.2e-04 7.6e-05 2.5e-05 1.9e-06 9.4e-08 | free 1.8e-01 8.4e-02 3.9e-02 1.8e-02 7.8e-03 3.4e-03 1.4e-03 5.5e-04 2.1e-04 7.3e-05 2.4e-05 1.9e-06 9.1e-08
   b= 5 a= 8: PR   58.6 free-surrogate   62.1 predicted   61.1 | |J|_F^2/n 1.875e-01 | eps 1.5e-01 6.3e-02 2.7e-02 1.1e-02 4.6e-03 1.8e-03 6.9e-04 2.5e-04 8.3e-05 2.5e-05 7.1e-06 3.9e-07 1.2e-08 | free 1.5e-01 6.5e-02 2.7e-02 1.1e-02 4.7e-03 1.9e-03 6.8e-04 2.4e-04 8.0e-05 2.5e-05 7.0e-06 4.0e-07 1.2e-08
   b= 5 a= 9: PR   52.9 free-surrogate   54.4 predicted   54.8 | |J|_F^2/n 1.695e-01 | eps 1.2e-01 4.9e-02 1.9e-02 7.4e-03 2.7e-03 9.8e-04 3.3e-04 1.1e-04 3.3e-05 8.7e-06 2.1e-06 8.1e-08 1.7e-09 | free 1.2e-01 4.9e-02 1.9e-02 7.3e-03 2.7e-03 9.9e-04 3.3e-04 1.0e-04 3.1e-05 8.3e-06 2.0e-06 8.1e-08 1.6e-09
   b= 5 a=10: PR   47.3 free-surrogate   49.6 predicted   49.5 | |J|_F^2/n 1.445e-01 | eps 1.0e-01 3.7e-02 1.3e-02 4.7e-03 1.6e-03 5.2e-04 1.6e-04 4.6e-05 1.2e-05 2.8e-06 5.8e-07 1.5e-08 1.8e-10 | free 1.0e-01 3.8e-02 1.3e-02 4.7e-03 1.6e-03 5.1e-04 1.5e-04 4.3e-05 1.1e-05 2.7e-06 5.5e-07 1.5e-08 1.8e-10
   b= 8 a= 1: PR  341.7 free-surrogate  341.6 predicted  341.7 | |J|_F^2/n 8.053e-01 | eps 7.0e-01 5.9e-01 4.9e-01 4.0e-01 3.3e-01 2.7e-01 2.1e-01 1.7e-01 1.3e-01 1.0e-01 7.6e-02 3.9e-02 1.8e-02 | free 7.0e-01 5.9e-01 4.9e-01 4.0e-01 3.3e-01 2.7e-01 2.1e-01 1.7e-01 1.3e-01 1.0e-01 7.6e-02 3.9e-02 1.8e-02
   b= 8 a= 2: PR  209.5 free-surrogate  210.3 predicted  209.8 | |J|_F^2/n 7.046e-01 | eps 5.5e-01 4.1e-01 3.0e-01 2.2e-01 1.6e-01 1.2e-01 8.3e-02 5.8e-02 3.9e-02 2.6e-02 1.7e-02 6.2e-03 1.9e-03 | free 5.5e-01 4.1e-01 3.0e-01 2.2e-01 1.6e-01 1.2e-01 8.3e-02 5.7e-02 3.9e-02 2.6e-02 1.7e-02 6.2e-03 1.9e-03
   b= 8 a= 3: PR  149.5 free-surrogate  150.9 predicted  150.5 | |J|_F^2/n 6.042e-01 | eps 4.3e-01 2.9e-01 1.9e-01 1.3e-01 8.5e-02 5.5e-02 3.5e-02 2.1e-02 1.3e-02 7.5e-03 4.2e-03 1.1e-03 2.3e-04 | free 4.3e-01 2.9e-01 2.0e-01 1.3e-01 8.5e-02 5.5e-02 3.5e-02 2.1e-02 1.3e-02 7.5e-03 4.2e-03 1.1e-03 2.3e-04
   b= 8 a= 4: PR  114.5 free-surrogate  117.0 predicted  115.8 | |J|_F^2/n 4.949e-01 | eps 3.4e-01 2.0e-01 1.2e-01 7.4e-02 4.4e-02 2.5e-02 1.4e-02 7.9e-03 4.2e-03 2.1e-03 9.9e-04 1.8e-04 2.3e-05 | free 3.4e-01 2.1e-01 1.3e-01 7.5e-02 4.4e-02 2.5e-02 1.4e-02 7.8e-03 4.1e-03 2.0e-03 9.6e-04 1.8e-04 2.4e-05
   b= 8 a= 5: PR   93.6 free-surrogate   97.0 predicted   95.1 | |J|_F^2/n 4.392e-01 | eps 2.7e-01 1.5e-01 8.4e-02 4.6e-02 2.5e-02 1.3e-02 6.4e-03 3.2e-03 1.5e-03 6.4e-04 2.6e-04 3.5e-05 2.9e-06 | free 2.8e-01 1.6e-01 8.6e-02 4.7e-02 2.5e-02 1.3e-02 6.6e-03 3.2e-03 1.5e-03 6.4e-04 2.6e-04 3.4e-05 2.9e-06
   b= 8 a= 6: PR   80.8 free-surrogate   81.3 predicted   80.7 | |J|_F^2/n 3.978e-01 | eps 2.3e-01 1.1e-01 5.8e-02 2.9e-02 1.4e-02 6.6e-03 3.0e-03 1.3e-03 5.5e-04 2.1e-04 7.3e-05 6.8e-06 3.6e-07 | free 2.3e-01 1.2e-01 5.9e-02 2.9e-02 1.4e-02 6.8e-03 3.1e-03 1.3e-03 5.4e-04 2.0e-04 7.2e-05 6.7e-06 3.6e-07
   b= 8 a= 7: PR   70.8 free-surrogate   70.7 predicted   69.6 | |J|_F^2/n 3.373e-01 | eps 1.9e-01 8.6e-02 4.0e-02 1.8e-02 7.9e-03 3.4e-03 1.4e-03 5.4e-04 1.9e-04 6.3e-05 1.9e-05 1.2e-06 3.7e-08 | free 1.9e-01 8.7e-02 4.0e-02 1.8e-02 8.0e-03 3.4e-03 1.4e-03 5.3e-04 1.9e-04 6.3e-05 1.9e-05 1.2e-06 3.8e-08
   b=11 a= 1: PR  336.4 free-surrogate  336.6 predicted  336.9 | |J|_F^2/n 8.205e-01 | eps 7.0e-01 5.8e-01 4.8e-01 4.0e-01 3.2e-01 2.6e-01 2.1e-01 1.6e-01 1.2e-01 9.4e-02 6.9e-02 3.4e-02 1.4e-02 | free 7.0e-01 5.8e-01 4.8e-01 4.0e-01 3.2e-01 2.6e-01 2.1e-01 1.6e-01 1.2e-01 9.4e-02 6.9e-02 3.4e-02 1.4e-02
   b=11 a= 2: PR  206.7 free-surrogate  205.6 predicted  206.1 | |J|_F^2/n 7.232e-01 | eps 5.4e-01 4.0e-01 3.0e-01 2.2e-01 1.6e-01 1.1e-01 7.8e-02 5.3e-02 3.5e-02 2.3e-02 1.4e-02 4.7e-03 1.2e-03 | free 5.4e-01 4.0e-01 3.0e-01 2.2e-01 1.6e-01 1.1e-01 7.7e-02 5.3e-02 3.5e-02 2.3e-02 1.4e-02 4.6e-03 1.2e-03
   b=11 a= 3: PR  149.9 free-surrogate  147.1 predicted  148.8 | |J|_F^2/n 6.570e-01 | eps 4.3e-01 2.9e-01 1.9e-01 1.3e-01 8.2e-02 5.2e-02 3.2e-02 1.9e-02 1.1e-02 6.3e-03 3.4e-03 7.8e-04 1.2e-04 | free 4.3e-01 2.9e-01 1.9e-01 1.2e-01 8.1e-02 5.1e-02 3.2e-02 1.9e-02 1.1e-02 6.2e-03 3.3e-03 7.6e-04 1.2e-04
   b=11 a= 4: PR  115.9 free-surrogate  114.3 predicted  115.1 | |J|_F^2/n 5.631e-01 | eps 3.4e-01 2.1e-01 1.3e-01 7.5e-02 4.3e-02 2.4e-02 1.4e-02 7.1e-03 3.6e-03 1.7e-03 7.6e-04 1.2e-04 1.1e-05 | free 3.4e-01 2.1e-01 1.2e-01 7.3e-02 4.3e-02 2.4e-02 1.3e-02 7.0e-03 3.6e-03 1.7e-03 7.7e-04 1.2e-04 1.1e-05
  mean over birth layers: age | PR exact / free / predicted | eps(r) for r = 64 96 128 160 192 224 256 288 320 352 384 448 512
   a= 1 |  348.8 /  348.4 /  348.7 | 7.03e-01 5.89e-01 4.92e-01 4.09e-01 3.37e-01 2.76e-01 2.24e-01 1.80e-01 1.42e-01 1.11e-01 8.59e-02 4.85e-02 2.54e-02 | free 7.03e-01 5.89e-01 4.92e-01 4.08e-01 3.37e-01 2.75e-01 2.23e-01 1.79e-01 1.42e-01 1.11e-01 8.58e-02 4.84e-02 2.53e-02
   a= 2 |  211.3 /  211.8 /  211.5 | 5.48e-01 4.10e-01 3.06e-01 2.27e-01 1.68e-01 1.22e-01 8.78e-02 6.22e-02 4.33e-02 2.97e-02 1.99e-02 8.31e-03 3.13e-03 | free 5.49e-01 4.11e-01 3.07e-01 2.28e-01 1.68e-01 1.22e-01 8.76e-02 6.21e-02 4.33e-02 2.97e-02 1.99e-02 8.34e-03 3.14e-03
   a= 3 |  150.4 /  150.0 /  150.2 | 4.32e-01 2.91e-01 1.97e-01 1.31e-01 8.69e-02 5.67e-02 3.63e-02 2.28e-02 1.40e-02 8.41e-03 4.91e-03 1.52e-03 4.02e-04 | free 4.32e-01 2.91e-01 1.96e-01 1.31e-01 8.65e-02 5.64e-02 3.62e-02 2.28e-02 1.40e-02 8.37e-03 4.88e-03 1.50e-03 4.01e-04
   a= 4 |  116.1 /  116.2 /  116.2 | 3.44e-01 2.10e-01 1.28e-01 7.76e-02 4.64e-02 2.72e-02 1.56e-02 8.76e-03 4.77e-03 2.50e-03 1.26e-03 2.87e-04 5.36e-05 | free 3.45e-01 2.10e-01 1.28e-01 7.74e-02 4.62e-02 2.71e-02 1.55e-02 8.64e-03 4.69e-03 2.47e-03 1.25e-03 2.82e-04 5.36e-05
   a= 5 |   94.4 /   96.6 /   95.7 | 2.79e-01 1.56e-01 8.73e-02 4.84e-02 2.67e-02 1.44e-02 7.55e-03 3.86e-03 1.91e-03 9.03e-04 4.07e-04 7.28e-05 1.04e-05 | free 2.82e-01 1.58e-01 8.85e-02 4.92e-02 2.69e-02 1.45e-02 7.58e-03 3.84e-03 1.89e-03 9.00e-04 4.09e-04 7.36e-05 1.05e-05
   a= 6 |   79.8 /   80.9 /   80.7 | 2.27e-01 1.16e-01 5.91e-02 2.98e-02 1.49e-02 7.25e-03 3.42e-03 1.56e-03 6.81e-04 2.82e-04 1.10e-04 1.41e-05 1.33e-06 | free 2.28e-01 1.17e-01 5.97e-02 3.02e-02 1.50e-02 7.31e-03 3.43e-03 1.54e-03 6.74e-04 2.80e-04 1.10e-04 1.40e-05 1.33e-06
   a= 7 |   69.3 /   70.3 /   69.6 | 1.85e-01 8.61e-02 4.01e-02 1.84e-02 8.35e-03 3.69e-03 1.58e-03 6.38e-04 2.43e-04 8.74e-05 2.97e-05 2.70e-06 1.68e-07 | free 1.86e-01 8.67e-02 4.05e-02 1.87e-02 8.42e-03 3.70e-03 1.56e-03 6.28e-04 2.41e-04 8.76e-05 2.94e-05 2.69e-06 1.67e-07
   a= 8 |   59.6 /   61.8 /   61.6 | 1.52e-01 6.54e-02 2.80e-02 1.19e-02 5.04e-03 2.05e-03 8.07e-04 2.98e-04 1.05e-04 3.44e-05 1.05e-05 7.51e-07 3.57e-08 | free 1.54e-01 6.62e-02 2.86e-02 1.23e-02 5.11e-03 2.07e-03 7.98e-04 2.97e-04 1.03e-04 3.45e-05 1.04e-05 7.67e-07 3.52e-08
   a= 9 |   53.1 /   54.6 /   55.2 | 1.26e-01 5.01e-02 1.98e-02 7.76e-03 2.98e-03 1.10e-03 3.91e-04 1.32e-04 4.14e-05 1.18e-05 3.17e-06 1.66e-07 5.45e-09 | free 1.27e-01 5.08e-02 2.03e-02 7.89e-03 3.01e-03 1.11e-03 3.90e-04 1.29e-04 3.99e-05 1.18e-05 3.16e-06 1.68e-07 5.28e-09
   a=10 |   47.1 /   49.7 /   49.8 | 1.04e-01 3.78e-02 1.37e-02 4.91e-03 1.70e-03 5.70e-04 1.82e-04 5.50e-05 1.53e-05 3.75e-06 8.70e-07 3.17e-08 6.20e-10 | free 1.06e-01 3.87e-02 1.39e-02 5.00e-03 1.73e-03 5.76e-04 1.81e-04 5.35e-05 1.47e-05 3.73e-06 8.51e-07 3.20e-08 6.26e-10
   a=11 |   41.8 /   45.7 /   45.8 | 8.70e-02 2.93e-02 9.88e-03 3.26e-03 1.07e-03 3.40e-04 1.01e-04 2.82e-05 7.07e-06 1.61e-06 3.36e-07 9.98e-09 1.43e-10 | free 8.97e-02 3.06e-02 1.03e-02 3.50e-03 1.14e-03 3.56e-04 1.03e-04 2.81e-05 7.08e-06 1.65e-06 3.43e-07 1.05e-08 1.45e-10
   a=12 |   37.7 /   42.2 /   42.2 | 7.25e-02 2.29e-02 7.20e-03 2.20e-03 6.51e-04 1.87e-04 5.01e-05 1.25e-05 2.86e-06 5.66e-07 1.02e-07 2.07e-09 2.04e-11 | free 7.40e-02 2.37e-02 7.40e-03 2.29e-03 6.77e-04 1.94e-04 5.12e-05 1.26e-05 2.79e-06 5.65e-07 1.03e-07 2.16e-09 1.96e-11
  local log-slope p = -dlog eps/dlog r between consecutive ranks (exact legs):
   a= 1:   0.4   0.6   0.8   1.1   1.3   1.6   1.9   2.2   2.6   3.0   3.7   4.9
   a= 2:   0.7   1.0   1.3   1.7   2.1   2.5   2.9   3.4   4.0   4.6   5.7   7.3
   a= 3:   1.0   1.4   1.8   2.3   2.8   3.3   3.9   4.6   5.4   6.2   7.6   9.9
   a= 4:   1.2   1.7   2.2   2.8   3.5   4.1   4.9   5.8   6.8   7.9   9.6  12.6
   a= 5:   1.4   2.0   2.6   3.3   4.0   4.8   5.7   6.7   7.8   9.2  11.2  14.6
   a= 6:   1.7   2.3   3.1   3.8   4.7   5.6   6.7   7.9   9.3  10.8  13.3  17.7
   a= 7:   1.9   2.7   3.5   4.3   5.3   6.4   7.7   9.1  10.7  12.4  15.6  20.8
   a= 8:   2.1   3.0   3.8   4.7   5.8   7.0   8.4   9.9  11.7  13.7  17.1  22.8
   a= 9:   2.3   3.2   4.2   5.3   6.5   7.7   9.2  11.0  13.2  15.1  19.1  25.6
   a=10:   2.5   3.5   4.6   5.8   7.1   8.5  10.2  12.2  14.7  16.8  21.5  29.5
   a=11:   2.7   3.8   5.0   6.1   7.4   9.1  10.8  13.1  15.5  18.0  22.8  31.8
   a=12:   2.8   4.0   5.3   6.7   8.1   9.9  11.8  14.0  17.0  19.7  25.3  34.6

