width 128; fit on A1, evaluated on ['A1', 'A2', 'B1']  (eps rel ||D21(z_l)||; 'share' = ||D21(Old^w)||/||D21(z_l)||)

w = 1:  l | A1: share  mem  mem+young | A2: share  mem  mem+young | B1: share  mem  mem+young
         2 | 0.448 0.444 0.441 | 0.447 0.444 0.440 | 0.562 0.554 0.547
         3 | 0.534 0.520 0.498 | 0.535 0.521 0.500 | 0.550 0.543 0.509
         4 | 0.702 0.664 0.599 | 0.702 0.666 0.601 | 0.684 0.705 0.760
         5 | 0.816 0.762 0.690 | 0.816 0.763 0.692 | 0.765 0.732 0.757
         6 | 0.844 0.739 0.630 | 0.843 0.738 0.630 | 0.808 0.797 0.775
         7 | 0.915 0.863 0.830 | 0.914 0.863 0.831 | 0.911 0.923 0.949
         8 | 0.965 0.908 0.901 | 0.964 0.908 0.900 | 0.847 0.844 0.792
         9 | 0.905 0.746 0.711 | 0.904 0.744 0.710 | 0.849 0.823 0.721
        10 | 0.877 0.762 0.668 | 0.878 0.762 0.669 | 0.875 0.842 0.791
        11 | 0.902 0.789 0.686 | 0.901 0.789 0.685 | 0.933 0.910 0.860
        12 | 0.911 0.792 0.708 | 0.910 0.792 0.708 | 0.964 0.821 0.818
        13 | 0.950 0.874 0.827 | 0.949 0.873 0.825 | 0.985 0.820 0.843
        14 | 0.974 0.940 0.928 | 0.973 0.939 0.927 | 0.935 0.802 0.772
        15 | 0.926 0.842 0.774 | 0.926 0.841 0.773 | 0.933 0.762 0.721

w = 2:  l | A1: share  mem  mem+young | A2: share  mem  mem+young | B1: share  mem  mem+young
         2 | 0.000 0.000 0.000 | 0.000 0.000 0.000 | 0.000 0.000 0.000
         3 | 0.226 0.224 0.220 | 0.226 0.224 0.220 | 0.289 0.286 0.276
         4 | 0.355 0.342 0.304 | 0.357 0.344 0.306 | 0.384 0.392 0.359
         5 | 0.596 0.554 0.468 | 0.597 0.556 0.470 | 0.532 0.513 0.578
         6 | 0.717 0.625 0.531 | 0.715 0.624 0.531 | 0.631 0.639 0.592
         7 | 0.731 0.693 0.529 | 0.730 0.692 0.528 | 0.716 0.726 0.745
         8 | 0.810 0.764 0.682 | 0.808 0.763 0.680 | 0.739 0.739 0.765
         9 | 0.874 0.714 0.684 | 0.873 0.712 0.682 | 0.690 0.690 0.585
        10 | 0.798 0.705 0.618 | 0.797 0.706 0.618 | 0.647 0.644 0.585
        11 | 0.805 0.695 0.531 | 0.807 0.696 0.535 | 0.783 0.767 0.667
        12 | 0.804 0.697 0.521 | 0.803 0.697 0.522 | 0.946 0.784 0.870
        13 | 0.857 0.792 0.686 | 0.856 0.791 0.684 | 0.946 0.791 0.833
        14 | 0.950 0.915 0.898 | 0.949 0.914 0.896 | 0.932 0.799 0.780
        15 | 0.899 0.815 0.740 | 0.898 0.815 0.739 | 0.823 0.673 0.633

w = 4:  l | A1: share  mem  mem+young | A2: share  mem  mem+young | B1: share  mem  mem+young
         2 | 0.000 0.000 0.000 | 0.000 0.000 0.000 | 0.000 0.000 0.000
         3 | 0.000 0.000 0.000 | 0.000 0.000 0.000 | 0.000 0.000 0.000
         4 | 0.000 0.000 0.000 | 0.000 0.000 0.000 | 0.000 0.000 0.000
         5 | 0.105 0.102 0.089 | 0.105 0.102 0.090 | 0.129 0.128 0.121
         6 | 0.241 0.208 0.128 | 0.242 0.209 0.130 | 0.255 0.255 0.207
         7 | 0.437 0.413 0.253 | 0.435 0.411 0.252 | 0.388 0.392 0.350
         8 | 0.540 0.510 0.365 | 0.536 0.507 0.363 | 0.543 0.533 0.456
         9 | 0.585 0.475 0.321 | 0.582 0.473 0.319 | 0.511 0.510 0.476
        10 | 0.650 0.567 0.403 | 0.649 0.567 0.403 | 0.528 0.524 0.545
        11 | 0.679 0.587 0.416 | 0.678 0.586 0.415 | 0.500 0.517 0.517
        12 | 0.616 0.530 0.334 | 0.613 0.528 0.334 | 0.597 0.511 0.475
        13 | 0.689 0.635 0.431 | 0.689 0.635 0.435 | 0.761 0.637 0.586
        14 | 0.792 0.763 0.616 | 0.790 0.762 0.615 | 0.876 0.742 0.785
        15 | 0.743 0.674 0.512 | 0.741 0.673 0.511 | 0.829 0.643 0.655
