width 256; fit on K256, evaluated on ['K256']  (eps rel ||D21(z_l)||; 'share' = ||D21(Old^w)||/||D21(z_l)||)

w = 1:  l | K256: share  mem  mem+young
         2 | 0.481 0.479 0.464
         3 | 0.645 0.639 0.594
         4 | 0.702 0.680 0.622
         5 | 0.751 0.731 0.681
         6 | 0.817 0.782 0.737
         7 | 0.809 0.758 0.699
         8 | 0.831 0.815 0.765
         9 | 0.835 0.770 0.733
        10 | 0.932 0.893 0.874
        11 | 0.912 0.888 0.849
        12 | 0.921 0.873 0.819
        13 | 0.944 0.924 0.896
        14 | 0.981 0.903 0.895
        15 | 0.950 0.921 0.877

w = 2:  l | K256: share  mem  mem+young
         2 | 0.000 0.000 0.000
         3 | 0.286 0.284 0.266
         4 | 0.454 0.442 0.393
         5 | 0.544 0.530 0.468
         6 | 0.583 0.562 0.495
         7 | 0.663 0.620 0.551
         8 | 0.660 0.648 0.582
         9 | 0.665 0.619 0.565
        10 | 0.759 0.728 0.677
        11 | 0.840 0.819 0.758
        12 | 0.858 0.812 0.742
        13 | 0.854 0.836 0.750
        14 | 0.905 0.832 0.784
        15 | 0.933 0.903 0.856

w = 4:  l | K256: share  mem  mem+young
         2 | 0.000 0.000 0.000
         3 | 0.000 0.000 0.000
         4 | 0.000 0.000 0.000
         5 | 0.137 0.135 0.121
         6 | 0.256 0.250 0.210
         7 | 0.319 0.304 0.254
         8 | 0.388 0.381 0.296
         9 | 0.440 0.417 0.362
        10 | 0.489 0.470 0.358
        11 | 0.549 0.535 0.406
        12 | 0.631 0.598 0.434
        13 | 0.735 0.722 0.595
        14 | 0.693 0.640 0.487
        15 | 0.771 0.746 0.580
