width 64; fit on K64, evaluated on ['K64']  (eps rel ||D21(z_l)||; 'share' = ||D21(Old^w)||/||D21(z_l)||)

w = 1:  l | K64: share  mem  mem+young
         2 | 0.506 0.498 0.445
         3 | 0.659 0.647 0.561
         4 | 0.801 0.791 0.778
         5 | 0.768 0.743 0.695
         6 | 0.690 0.681 0.621
         7 | 0.691 0.659 0.601
         8 | 0.778 0.746 0.725
         9 | 0.707 0.655 0.606
        10 | 0.896 0.876 0.874
        11 | 0.713 0.628 0.573
        12 | 0.761 0.738 0.668
        13 | 0.792 0.750 0.635
        14 | 0.970 0.885 0.884
        15 | 0.878 0.800 0.779

w = 2:  l | K64: share  mem  mem+young
         2 | 0.000 0.000 0.000
         3 | 0.318 0.312 0.256
         4 | 0.543 0.538 0.483
         5 | 0.575 0.556 0.512
         6 | 0.555 0.550 0.478
         7 | 0.568 0.536 0.503
         8 | 0.554 0.529 0.498
         9 | 0.551 0.524 0.467
        10 | 0.552 0.543 0.524
        11 | 0.632 0.573 0.535
        12 | 0.522 0.508 0.422
        13 | 0.523 0.501 0.371
        14 | 0.716 0.666 0.557
        15 | 0.744 0.688 0.653

w = 4:  l | K64: share  mem  mem+young
         2 | 0.000 0.000 0.000
         3 | 0.000 0.000 0.000
         4 | 0.000 0.000 0.000
         5 | 0.140 0.136 0.117
         6 | 0.279 0.275 0.237
         7 | 0.269 0.254 0.208
         8 | 0.297 0.289 0.231
         9 | 0.355 0.339 0.300
        10 | 0.383 0.374 0.309
        11 | 0.323 0.290 0.236
        12 | 0.264 0.258 0.235
        13 | 0.318 0.307 0.246
        14 | 0.316 0.305 0.241
        15 | 0.479 0.449 0.385
