/root/atl/A1/mlp_00000.npz [MODEL chain]: width 128, depth 16, N = 600000, young window w = 4, no-AD sources

old share: ||D21(Old_l)|| / ||D21(z_l)||
1:0.000 2:0.000 3:0.000 4:0.000 5:0.161 6:0.305 7:0.549 8:0.541 9:0.609 10:0.692 11:0.669 12:0.565 13:0.734 14:0.756 15:0.739

(a) modes-static: eps (rel. ||D21(z_l)||) of the symmetrised rank-r family; tensor energy residual in []
 l | r=1           r=2           r=4           r=8           r=16          r=32          r=64         
 5 | 0.108 [0.77] 0.088 [0.68] 0.065 [0.54] 0.042 [0.39] 0.021 [0.22] 0.006 [0.07] 0.000 [0.01]
 6 | 0.133 [0.55] 0.109 [0.48] 0.078 [0.38] 0.048 [0.26] 0.020 [0.13] 0.004 [0.03] 0.000 [0.00]
 7 | 0.204 [0.48] 0.146 [0.35] 0.107 [0.26] 0.058 [0.17] 0.022 [0.08] 0.004 [0.02] 0.000 [0.00]
 8 | 0.259 [0.58] 0.188 [0.45] 0.129 [0.33] 0.070 [0.20] 0.024 [0.09] 0.004 [0.02] 0.000 [0.00]
 9 | 0.185 [0.38] 0.152 [0.32] 0.099 [0.24] 0.052 [0.15] 0.017 [0.06] 0.003 [0.01] 0.000 [0.00]
10 | 0.228 [0.36] 0.160 [0.25] 0.093 [0.17] 0.046 [0.10] 0.015 [0.04] 0.002 [0.01] 0.000 [0.00]
11 | 0.181 [0.35] 0.121 [0.24] 0.077 [0.17] 0.040 [0.10] 0.012 [0.04] 0.002 [0.01] 0.000 [0.00]
12 | 0.172 [0.38] 0.130 [0.28] 0.073 [0.19] 0.034 [0.11] 0.012 [0.04] 0.002 [0.01] 0.000 [0.00]
13 | 0.190 [0.28] 0.117 [0.18] 0.075 [0.13] 0.039 [0.08] 0.012 [0.03] 0.002 [0.01] 0.000 [0.00]
14 | 0.293 [0.43] 0.167 [0.27] 0.111 [0.19] 0.054 [0.11] 0.017 [0.04] 0.003 [0.01] 0.000 [0.00]
15 | 0.259 [0.39] 0.165 [0.28] 0.104 [0.19] 0.060 [0.12] 0.021 [0.05] 0.003 [0.01] 0.000 [0.00]

(a) modes-dyn: transported family, incoming source added, re-truncated to r modes each layer; eps
 l | r=1     r=2     r=4     r=8     r=16    r=32    r=64   
 1 | 0.000 0.000 0.000 0.000 0.000 0.000 0.000
 2 | 0.000 0.000 0.000 0.000 0.000 0.000 0.000
 3 | 0.000 0.000 0.000 0.000 0.000 0.000 0.000
 4 | 0.000 0.000 0.000 0.000 0.000 0.000 0.000
 5 | 0.108 0.088 0.065 0.042 0.021 0.006 0.000
 6 | 0.138 0.116 0.087 0.055 0.023 0.006 0.000
 7 | 0.226 0.166 0.126 0.075 0.031 0.007 0.000
 8 | 0.299 0.231 0.159 0.095 0.039 0.008 0.000
 9 | 0.230 0.191 0.142 0.094 0.034 0.007 0.000
10 | 0.269 0.218 0.137 0.084 0.031 0.006 0.000
11 | 0.240 0.194 0.126 0.075 0.025 0.005 0.000
12 | 0.238 0.194 0.117 0.072 0.026 0.004 0.000
13 | 0.262 0.203 0.131 0.081 0.027 0.004 0.000
14 | 0.351 0.274 0.178 0.104 0.034 0.005 0.000
15 | 0.314 0.260 0.171 0.107 0.039 0.006 0.000

(c/d) old pool (age > w) D21 vs the young sources' D21 (per-layer in-sample least squares); eps rel ||D21(z_l)||
 l |  none  young young+T | tail:  none  gamma    g,y | gamma
 5 | 0.161  0.147   0.147 |
 6 | 0.305  0.236   0.236 | tail: 0.136  0.123  0.105 | +0.265
 7 | 0.549  0.441   0.440 | tail: 0.262  0.225  0.204 | +0.366
 8 | 0.541  0.457   0.457 | tail: 0.446  0.443  0.338 | +0.206
 9 | 0.609  0.535   0.535 | tail: 0.500  0.491  0.373 | +0.363
10 | 0.692  0.637   0.637 | tail: 0.561  0.508  0.451 | +1.024
11 | 0.669  0.517   0.517 | tail: 0.589  0.565  0.483 | +0.841
12 | 0.565  0.440   0.439 | tail: 0.630  0.554  0.435 | -1.605
13 | 0.734  0.652   0.652 | tail: 0.573  0.487  0.423 | +1.211
14 | 0.756  0.658   0.657 | tail: 0.676  0.658  0.580 | +0.729
15 | 0.739  0.685   0.684 | tail: 0.670  0.664  0.595 | +0.399
