/root/atl/P256/mlp_00000.npz [MODEL chain]: width 256, depth 16, N = 1000000, young window w = 4, no-AD sources

old share: ||D21(Old_l)|| / ||D21(z_l)||
1:0.000 2:0.000 3:0.000 4:0.000 5:0.191 6:0.296 7:0.315 8:0.415 9:0.431 10:0.492 11:0.523 12:0.656 13:0.673 14:0.674 15:0.696

(a) modes-static: eps (rel. ||D21(z_l)||) of the symmetrised rank-r family; tensor energy residual in []
 l | r=1           r=2           r=4           r=8           r=16          r=32          r=64         
 5 | 0.172 [0.93] 0.140 [0.87] 0.120 [0.79] 0.091 [0.66] 0.059 [0.48] 0.028 [0.27] 0.008 [0.09]
 6 | 0.239 [0.91] 0.194 [0.83] 0.164 [0.74] 0.120 [0.60] 0.072 [0.42] 0.031 [0.22] 0.008 [0.06]
 7 | 0.273 [0.90] 0.209 [0.80] 0.164 [0.67] 0.116 [0.54] 0.068 [0.37] 0.028 [0.18] 0.007 [0.05]
 8 | 0.314 [0.85] 0.241 [0.74] 0.191 [0.62] 0.136 [0.48] 0.075 [0.32] 0.029 [0.15] 0.006 [0.04]
 9 | 0.304 [0.88] 0.267 [0.79] 0.202 [0.64] 0.135 [0.48] 0.070 [0.30] 0.028 [0.14] 0.006 [0.04]
10 | 0.357 [0.82] 0.302 [0.74] 0.219 [0.59] 0.134 [0.43] 0.073 [0.27] 0.028 [0.13] 0.006 [0.03]
11 | 0.340 [0.80] 0.281 [0.67] 0.205 [0.54] 0.127 [0.38] 0.069 [0.24] 0.026 [0.11] 0.005 [0.03]
12 | 0.416 [0.75] 0.297 [0.56] 0.209 [0.44] 0.137 [0.32] 0.072 [0.20] 0.025 [0.09] 0.005 [0.02]
13 | 0.393 [0.68] 0.296 [0.54] 0.215 [0.43] 0.136 [0.30] 0.068 [0.18] 0.023 [0.08] 0.004 [0.02]
14 | 0.385 [0.64] 0.287 [0.53] 0.216 [0.43] 0.140 [0.31] 0.068 [0.18] 0.024 [0.08] 0.004 [0.02]
15 | 0.375 [0.61] 0.318 [0.52] 0.220 [0.41] 0.143 [0.29] 0.068 [0.16] 0.023 [0.07] 0.004 [0.01]

(e) modes with structured S_p: eps for r in [4, 8, 16]; columns: exact S | rank-q S for q in [4, 8, 16, 32, 64] | S fitted on C-features
 5 | r=4: 0.120 0.143 0.133 0.124 0.121 0.120 0.165 | r=8: 0.091 0.126 0.113 0.099 0.092 0.091 0.163 | r=16: 0.059 0.111 0.092 0.074 0.062 0.059 0.163
 6 | r=4: 0.164 0.201 0.183 0.170 0.165 0.164 0.230 | r=8: 0.120 0.171 0.150 0.130 0.121 0.120 0.228 | r=16: 0.072 0.142 0.114 0.090 0.075 0.072 0.227
 7 | r=4: 0.164 0.202 0.182 0.170 0.164 0.164 0.247 | r=8: 0.116 0.170 0.145 0.126 0.117 0.116 0.244 | r=16: 0.068 0.142 0.109 0.085 0.070 0.068 0.242
 8 | r=4: 0.191 0.244 0.217 0.199 0.193 0.192 0.297 | r=8: 0.136 0.201 0.170 0.147 0.138 0.136 0.295 | r=16: 0.075 0.160 0.122 0.093 0.079 0.075 0.292
 9 | r=4: 0.202 0.256 0.228 0.210 0.203 0.202 0.321 | r=8: 0.135 0.205 0.171 0.146 0.137 0.135 0.318 | r=16: 0.070 0.163 0.119 0.087 0.072 0.070 0.315
10 | r=4: 0.219 0.270 0.242 0.226 0.220 0.219 0.349 | r=8: 0.134 0.209 0.172 0.146 0.136 0.134 0.343 | r=16: 0.073 0.167 0.123 0.091 0.076 0.073 0.342
11 | r=4: 0.205 0.266 0.231 0.213 0.207 0.205 0.349 | r=8: 0.127 0.202 0.164 0.138 0.128 0.127 0.346 | r=16: 0.069 0.163 0.115 0.085 0.071 0.069 0.344
12 | r=4: 0.209 0.270 0.236 0.215 0.210 0.209 0.399 | r=8: 0.137 0.210 0.172 0.146 0.138 0.137 0.397 | r=16: 0.072 0.159 0.115 0.086 0.074 0.072 0.395
13 | r=4: 0.215 0.281 0.241 0.222 0.216 0.215 0.398 | r=8: 0.136 0.212 0.170 0.145 0.137 0.136 0.395 | r=16: 0.068 0.161 0.112 0.083 0.070 0.068 0.393
14 | r=4: 0.216 0.271 0.239 0.221 0.217 0.216 0.392 | r=8: 0.140 0.208 0.173 0.147 0.140 0.140 0.387 | r=16: 0.068 0.158 0.113 0.082 0.069 0.068 0.383
15 | r=4: 0.220 0.289 0.249 0.227 0.221 0.220 0.371 | r=8: 0.143 0.223 0.180 0.152 0.144 0.143 0.367 | r=16: 0.068 0.162 0.114 0.083 0.070 0.068 0.363

(e) modesS-dyn: eps per layer for (r, q) in [(4, 32), (8, 32), (8, 64), (16, 16), (16, 32), (16, 64), (32, 32)]; cost at n = 1024 ~ 2 r q / n units transport+readout
 1 | 0.000 0.000 0.000 0.000 0.000 0.000 0.000
 2 | 0.000 0.000 0.000 0.000 0.000 0.000 0.000
 3 | 0.000 0.000 0.000 0.000 0.000 0.000 0.000
 4 | 0.000 0.000 0.000 0.000 0.000 0.000 0.000
 5 | 0.121 0.092 0.091 0.074 0.062 0.059 0.033
