/root/atl/A1/mlp_00000.npz: width 128, depth 16, N = 600000, young window w = 4, no-AD sources

old share: ||D21(Old_l)|| / ||D21(z_l)||
1:0.000 2:0.000 3:0.000 4:0.000 5:0.105 6:0.241 7:0.437 8:0.540 9:0.585 10:0.650 11:0.679 12:0.616 13:0.689 14:0.792 15:0.743

(a) modes-static: eps (rel. ||D21(z_l)||) of the symmetrised rank-r family; tensor energy residual in []
 l | r=1           r=2           r=4           r=8           r=16          r=32          r=64         
 5 | 0.071 [0.77] 0.058 [0.68] 0.043 [0.54] 0.028 [0.39] 0.014 [0.22] 0.004 [0.07] 0.000 [0.01]
 6 | 0.088 [0.45] 0.072 [0.39] 0.050 [0.30] 0.030 [0.20] 0.012 [0.10] 0.003 [0.03] 0.000 [0.00]
 7 | 0.149 [0.42] 0.108 [0.30] 0.074 [0.22] 0.038 [0.13] 0.014 [0.06] 0.003 [0.01] 0.000 [0.00]
 8 | 0.199 [0.46] 0.143 [0.34] 0.097 [0.24] 0.051 [0.14] 0.015 [0.06] 0.002 [0.01] 0.000 [0.00]
 9 | 0.158 [0.33] 0.130 [0.28] 0.083 [0.19] 0.039 [0.11] 0.011 [0.04] 0.002 [0.01] 0.000 [0.00]
10 | 0.178 [0.30] 0.121 [0.20] 0.079 [0.14] 0.033 [0.07] 0.008 [0.02] 0.001 [0.00] 0.000 [0.00]
11 | 0.163 [0.30] 0.105 [0.19] 0.066 [0.13] 0.025 [0.06] 0.006 [0.02] 0.001 [0.00] 0.000 [0.00]
12 | 0.136 [0.27] 0.094 [0.18] 0.051 [0.12] 0.021 [0.06] 0.005 [0.02] 0.001 [0.00] 0.000 [0.00]
13 | 0.166 [0.26] 0.101 [0.14] 0.055 [0.09] 0.022 [0.04] 0.005 [0.01] 0.001 [0.00] 0.000 [0.00]
14 | 0.210 [0.32] 0.128 [0.19] 0.071 [0.11] 0.031 [0.06] 0.007 [0.02] 0.001 [0.00] 0.000 [0.00]
15 | 0.218 [0.32] 0.123 [0.20] 0.069 [0.11] 0.031 [0.06] 0.008 [0.02] 0.001 [0.00] 0.000 [0.00]

(e) modes-C: v-space fixed to the top-r eigenvectors of C_l (and of Phi C Phi of layer l-1 transported); S_r = Old(v_r,.,.); eps
 l | r=1     r=2     r=4     r=8     r=16    r=32    r=64   
 5 | 0.075 0.064 0.047 0.032 0.018 0.007 0.002
 6 | 0.097 0.081 0.058 0.039 0.023 0.008 0.002
 7 | 0.162 0.119 0.090 0.054 0.029 0.012 0.003
 8 | 0.211 0.160 0.117 0.077 0.036 0.015 0.003
 9 | 0.177 0.157 0.102 0.059 0.025 0.011 0.003
10 | 0.192 0.144 0.108 0.063 0.026 0.012 0.003
11 | 0.172 0.118 0.082 0.047 0.022 0.012 0.003
12 | 0.143 0.104 0.067 0.039 0.020 0.010 0.003
13 | 0.168 0.109 0.071 0.045 0.024 0.009 0.003
14 | 0.214 0.139 0.092 0.055 0.027 0.010 0.002
15 | 0.220 0.140 0.094 0.057 0.022 0.013 0.003

(a) modes-dyn: transported family, incoming source added, re-truncated to r modes each layer; eps
 l | r=1     r=2     r=4     r=8     r=16    r=32    r=64   
 1 | 0.000 0.000 0.000 0.000 0.000 0.000 0.000
 2 | 0.000 0.000 0.000 0.000 0.000 0.000 0.000
 3 | 0.000 0.000 0.000 0.000 0.000 0.000 0.000
 4 | 0.000 0.000 0.000 0.000 0.000 0.000 0.000
 5 | 0.071 0.058 0.043 0.028 0.014 0.004 0.000
 6 | 0.092 0.077 0.055 0.035 0.014 0.003 0.000
 7 | 0.166 0.123 0.088 0.051 0.020 0.004 0.000
 8 | 0.240 0.184 0.125 0.074 0.027 0.005 0.000
 9 | 0.207 0.179 0.126 0.072 0.023 0.004 0.000
10 | 0.236 0.193 0.126 0.066 0.020 0.003 0.000
11 | 0.233 0.185 0.119 0.055 0.016 0.003 0.000
12 | 0.224 0.174 0.108 0.055 0.015 0.002 0.000
13 | 0.245 0.176 0.122 0.061 0.017 0.002 0.000
14 | 0.303 0.226 0.157 0.077 0.022 0.003 0.000
15 | 0.295 0.213 0.146 0.076 0.023 0.003 0.000

(c/d) old pool (age > w) D21 vs the young sources' D21 (per-layer in-sample least squares); eps rel ||D21(z_l)||
 l |  none  young young+T | tail:  none  gamma    g,y | gamma
 5 | 0.105  0.090   0.090 |
 6 | 0.241  0.133   0.133 | tail: 0.081  0.061  0.055 | +0.299
 7 | 0.437  0.258   0.258 | tail: 0.204  0.126  0.116 | +0.620
 8 | 0.540  0.374   0.374 | tail: 0.388  0.277  0.215 | +1.416
 9 | 0.585  0.346   0.346 | tail: 0.481  0.351  0.260 | +2.369
10 | 0.650  0.435   0.435 | tail: 0.524  0.334  0.282 | +2.612
11 | 0.679  0.459   0.459 | tail: 0.556  0.360  0.319 | +2.803
12 | 0.616  0.362   0.361 | tail: 0.623  0.615  0.359 | -1.431
13 | 0.689  0.446   0.446 | tail: 0.591  0.431  0.325 | +3.022
14 | 0.792  0.630   0.630 | tail: 0.697  0.532  0.443 | +3.304
15 | 0.743  0.550   0.549 | tail: 0.688  0.635  0.516 | +2.182

(c) regression of D21(Old_l) on O(n^2) chain objects (in-sample, per layer); eps rel ||D21(z_l)||
 l |  none  C-set +sliceT  +sandw  +young    all | coefficients(all)
 1 | 0.000  0.000     nan     nan   0.000  0.000 | +0 +0 +0 +0 +0 +0
 2 | 0.000  0.000   0.000   0.000   0.000  0.000 | +0 +0 +0 +0 +0 +0 +0 +0 +0 +0 +0 +0
 3 | 0.000  0.000   0.000   0.000   0.000  0.000 | +0 +0 +0 +0 +0 +0 +0 +0 +0 +0 +0 +0
 4 | 0.000  0.000   0.000   0.000   0.000  0.000 | +0 +0 +0 +0 +0 +0 +0 +0 +0 +0 +0 +0
 5 | 0.105  0.105   0.075   0.075   0.094  0.075 | +0.0065 +0.0022 -0.011 +0.0022 +1 +2.1 -0.027 -0.088 +0.0051 -0.00016 +0.021 -0.0012
 6 | 0.241  0.222   0.140   0.140   0.161  0.121 | -0.038 +0.0095 +0.051 -0.0034 +1.3 +2.2 -0.21 -0.34 +0.0063 +0.0015 +0.16 -0.00099
 7 | 0.437  0.410   0.258   0.258   0.274  0.218 | +0.025 -0.041 -0.052 +0.0021 +1 +2.4 -0.32 -0.7 -0.08 +0.03 +0.37 -0.0061
 8 | 0.540  0.508   0.307   0.305   0.380  0.271 | +0.049 -0.026 -0.11 +0.0075 +1.1 +1.9 -0.31 -0.68 -0.16 +0.084 +0.38 -0.0039
 9 | 0.585  0.585   0.381   0.381   0.394  0.311 | +0.017 -0.00081 -0.045 +0.0031 +1.6 +2.7 -0.72 -1 +0.11 -0.043 +0.68 -0.01
10 | 0.650  0.636   0.369   0.368   0.492  0.339 | +0.083 -0.018 -0.12 +0.0081 +1.3 +2.1 -0.47 -0.8 -0.038 -0.037 +0.48 +0.00018
11 | 0.679  0.678   0.451   0.450   0.463  0.381 | -0.038 +0.013 +0.03 -0.0081 +1.4 +2.6 -0.7 -1.2 +0.081 +0.0091 +0.9 -0.017
12 | 0.616  0.498   0.331   0.328   0.344  0.274 | +0.067 -0.049 -0.22 +0.0041 +1.3 +2.6 -0.58 -1.3 -0.3 +0.23 +0.64 -0.0076
13 | 0.689  0.680   0.399   0.398   0.468  0.349 | -0.077 -0.0073 +0.17 -0.0094 +1.7 +2.7 -0.72 -1.2 -0.096 +0.1 +0.75 -0.013
14 | 0.792  0.787   0.499   0.499   0.638  0.447 | -0.067 +0.0074 +0.19 -0.011 +1.6 +3.3 -0.78 -1.8 +0.041 -0.053 +0.98 +0.042
15 | 0.743  0.701   0.476   0.474   0.573  0.430 | -0.09 +0.084 +0.21 +0.0075 +1.5 +0.75 -0.75 -0.071 +0.17 -0.039 +0.76 -0.022
