/root/atl/K64/mlp_00000.npz: width 64, depth 16, N = 600000, young window w = 4, no-AD sources

old share: ||D21(Old_l)|| / ||D21(z_l)||
1:0.000 2:0.000 3:0.000 4:0.000 5:0.140 6:0.279 7:0.269 8:0.297 9:0.355 10:0.383 11:0.323 12:0.264 13:0.318 14:0.316 15:0.479

(a) modes-static: eps (rel. ||D21(z_l)||) of the symmetrised rank-r family; tensor energy residual in []
 l | r=1           r=2           r=4           r=8           r=16          r=32         
 5 | 0.096 [0.77] 0.071 [0.62] 0.044 [0.42] 0.016 [0.20] 0.003 [0.05] 0.000 [0.00]
 6 | 0.145 [0.59] 0.101 [0.46] 0.053 [0.26] 0.017 [0.11] 0.003 [0.02] 0.000 [0.00]
 7 | 0.174 [0.68] 0.114 [0.50] 0.058 [0.31] 0.018 [0.13] 0.003 [0.02] 0.000 [0.00]
 8 | 0.166 [0.66] 0.132 [0.52] 0.058 [0.29] 0.018 [0.11] 0.003 [0.02] 0.000 [0.00]
 9 | 0.240 [0.72] 0.178 [0.56] 0.071 [0.31] 0.017 [0.09] 0.003 [0.02] 0.000 [0.00]
10 | 0.256 [0.69] 0.133 [0.45] 0.052 [0.19] 0.017 [0.08] 0.003 [0.01] 0.000 [0.00]
11 | 0.170 [0.66] 0.099 [0.44] 0.035 [0.17] 0.011 [0.07] 0.002 [0.01] 0.000 [0.00]
12 | 0.156 [0.67] 0.105 [0.50] 0.043 [0.22] 0.014 [0.09] 0.002 [0.01] 0.000 [0.00]
13 | 0.152 [0.59] 0.086 [0.35] 0.033 [0.14] 0.011 [0.06] 0.001 [0.01] 0.000 [0.00]
14 | 0.169 [0.65] 0.095 [0.38] 0.038 [0.17] 0.011 [0.06] 0.002 [0.01] 0.000 [0.00]
15 | 0.253 [0.62] 0.101 [0.28] 0.038 [0.11] 0.012 [0.04] 0.001 [0.01] 0.000 [0.00]

(e) modesS-dyn: eps per layer for (r, q) in [(4, 8), (8, 8), (8, 16), (16, 4), (16, 8), (16, 16), (32, 8)]; cost at n = 1024 ~ 2 r q / n units transport+readout
 1 | 0.000 0.000 0.000 0.000 0.000 0.000 0.000
 2 | 0.000 0.000 0.000 0.000 0.000 0.000 0.000
 3 | 0.000 0.000 0.000 0.000 0.000 0.000 0.000
 4 | 0.000 0.000 0.000 0.000 0.000 0.000 0.000
 5 | 0.045 0.019 0.016 0.023 0.008 0.004 0.006
 6 | 0.070 0.026 0.022 0.034 0.011 0.005 0.009
 7 | 0.090 0.030 0.027 0.041 0.012 0.005 0.010
 8 | 0.091 0.032 0.029 0.045 0.012 0.005 0.010
 9 | 0.120 0.033 0.030 0.056 0.013 0.006 0.011
10 | 0.121 0.040 0.037 0.062 0.013 0.006 0.013
11 | 0.088 0.030 0.028 0.046 0.009 0.004 0.009
12 | 0.085 0.030 0.027 0.051 0.009 0.004 0.008
13 | 0.056 0.022 0.020 0.035 0.007 0.003 0.006
14 | 0.070 0.025 0.024 0.041 0.009 0.003 0.008
15 | 0.076 0.030 0.028 0.051 0.011 0.004 0.009

(b/d) cp-dyn: CP factors transported leg by leg, incoming source merged by warm-started ALS (25 it); eps
 l | R=16    R=32    R=64   
 1 |   -     -     -  
 2 |   -     -     -  
 3 |   -     -     -  
 4 |   -     -     -  
 5 | 0.026 0.012 0.006
 6 | 0.034 0.016 0.008
 7 | 0.036 0.017 0.008
 8 | 0.034 0.016 0.008
 9 | 0.040 0.021 0.010
10 | 0.046 0.023 0.012
11 | 0.034 0.017 0.009
12 | 0.030 0.017 0.009
13 | 0.021 0.012 0.006
14 | 0.023 0.015 0.008
15 | 0.028 0.016 0.009
