/root/atl/P64/mlp_00000.npz [MODEL chain]: width 64, depth 16, N = 1000000, young window w = 4, no-AD sources

old share: ||D21(Old_l)|| / ||D21(z_l)||
1:0.000 2:0.000 3:0.000 4:0.000 5:0.198 6:0.267 7:0.241 8:0.380 9:0.313 10:0.419 11:0.381 12:0.326 13:0.447 14:0.344 15:0.635

(a) modes-static: eps (rel. ||D21(z_l)||) of the symmetrised rank-r family; tensor energy residual in []
 l | r=1           r=2           r=4           r=8           r=16          r=32         
 5 | 0.137 [0.77] 0.101 [0.62] 0.063 [0.43] 0.023 [0.20] 0.005 [0.05] 0.000 [0.00]
 6 | 0.168 [0.68] 0.121 [0.52] 0.066 [0.32] 0.022 [0.15] 0.005 [0.03] 0.000 [0.00]
 7 | 0.181 [0.78] 0.130 [0.61] 0.062 [0.35] 0.021 [0.15] 0.003 [0.03] 0.000 [0.00]
 8 | 0.211 [0.68] 0.149 [0.51] 0.077 [0.31] 0.026 [0.13] 0.006 [0.03] 0.000 [0.00]
 9 | 0.222 [0.77] 0.153 [0.53] 0.071 [0.33] 0.022 [0.12] 0.004 [0.03] 0.000 [0.00]
10 | 0.271 [0.75] 0.191 [0.56] 0.100 [0.33] 0.041 [0.15] 0.007 [0.03] 0.000 [0.00]
11 | 0.192 [0.62] 0.095 [0.38] 0.047 [0.21] 0.019 [0.10] 0.003 [0.02] 0.000 [0.00]
12 | 0.240 [0.80] 0.170 [0.65] 0.094 [0.39] 0.036 [0.17] 0.005 [0.03] 0.000 [0.00]
13 | 0.192 [0.56] 0.118 [0.36] 0.062 [0.19] 0.023 [0.09] 0.004 [0.02] 0.000 [0.00]
14 | 0.193 [0.72] 0.148 [0.58] 0.091 [0.41] 0.040 [0.19] 0.006 [0.04] 0.000 [0.00]
15 | 0.357 [0.64] 0.231 [0.47] 0.086 [0.19] 0.032 [0.09] 0.005 [0.02] 0.000 [0.00]

(a) modes-dyn: transported family, incoming source added, re-truncated to r modes each layer; eps
 l | r=1     r=2     r=4     r=8     r=16    r=32   
 1 | 0.000 0.000 0.000 0.000 0.000 0.000
 2 | 0.000 0.000 0.000 0.000 0.000 0.000
 3 | 0.000 0.000 0.000 0.000 0.000 0.000
 4 | 0.000 0.000 0.000 0.000 0.000 0.000
 5 | 0.137 0.101 0.063 0.023 0.005 0.000
 6 | 0.178 0.138 0.083 0.029 0.006 0.000
 7 | 0.208 0.165 0.088 0.031 0.005 0.000
 8 | 0.252 0.208 0.112 0.038 0.007 0.000
 9 | 0.256 0.214 0.110 0.036 0.007 0.000
10 | 0.403 0.289 0.163 0.061 0.011 0.000
11 | 0.227 0.124 0.082 0.032 0.005 0.000
12 | 0.321 0.238 0.149 0.058 0.010 0.000
13 | 0.206 0.160 0.090 0.038 0.006 0.000
14 | 0.224 0.197 0.121 0.056 0.010 0.000
15 | 0.379 0.299 0.128 0.050 0.009 0.000

(c/d) old pool (age > w) D21 vs the young sources' D21 (per-layer in-sample least squares); eps rel ||D21(z_l)||
 l |  none  young young+T | tail:  none  gamma    g,y | gamma
 5 | 0.198  0.185   0.185 |
 6 | 0.267  0.252   0.252 | tail: 0.165  0.160  0.142 | +0.239
 7 | 0.241  0.230   0.230 | tail: 0.191  0.189  0.169 | -0.173
 8 | 0.380  0.357   0.354 | tail: 0.218  0.215  0.203 | -0.093
 9 | 0.313  0.244   0.244 | tail: 0.292  0.270  0.226 | -0.412
10 | 0.419  0.404   0.404 | tail: 0.442  0.353  0.289 | -0.540
11 | 0.381  0.234   0.231 | tail: 0.169  0.169  0.159 | +0.011
12 | 0.326  0.299   0.298 | tail: 0.318  0.248  0.233 | -0.486
13 | 0.447  0.190   0.189 | tail: 0.154  0.131  0.124 | -0.159
14 | 0.344  0.280   0.280 | tail: 0.454  0.265  0.233 | -0.627
15 | 0.635  0.400   0.400 | tail: 0.264  0.239  0.218 | -0.159
