/root/atl/P64b/mlp_00000.npz [MODEL chain]: width 64, depth 16, N = 1000000, young window w = 4, no-AD sources

old share: ||D21(Old_l)|| / ||D21(z_l)||
1:0.000 2:0.000 3:0.000 4:0.000 5:0.214 6:0.329 7:0.743 8:0.577 9:0.507 10:0.578 11:0.788 12:0.741 13:0.889 14:0.989 15:1.065

(a) modes-static: eps (rel. ||D21(z_l)||) of the symmetrised rank-r family; tensor energy residual in []
 l | r=1           r=2           r=4           r=8           r=16          r=32         
 5 | 0.143 [0.78] 0.114 [0.63] 0.062 [0.40] 0.028 [0.21] 0.006 [0.06] 0.000 [0.00]
 6 | 0.169 [0.70] 0.122 [0.53] 0.070 [0.32] 0.027 [0.16] 0.006 [0.04] 0.000 [0.00]
 7 | 0.183 [0.33] 0.127 [0.24] 0.058 [0.13] 0.027 [0.07] 0.006 [0.02] 0.000 [0.00]
 8 | 0.229 [0.47] 0.145 [0.28] 0.078 [0.17] 0.030 [0.08] 0.005 [0.02] 0.000 [0.00]
 9 | 0.141 [0.37] 0.104 [0.27] 0.048 [0.15] 0.019 [0.07] 0.004 [0.02] 0.000 [0.00]
10 | 0.211 [0.38] 0.110 [0.26] 0.054 [0.13] 0.020 [0.05] 0.003 [0.01] 0.000 [0.00]
11 | 0.119 [0.19] 0.081 [0.13] 0.044 [0.08] 0.017 [0.04] 0.002 [0.01] 0.000 [0.00]
12 | 0.133 [0.19] 0.087 [0.14] 0.052 [0.09] 0.017 [0.03] 0.002 [0.01] 0.000 [0.00]
13 | 0.117 [0.15] 0.071 [0.11] 0.038 [0.07] 0.013 [0.03] 0.002 [0.00] 0.000 [0.00]
14 | 0.104 [0.13] 0.066 [0.09] 0.037 [0.05] 0.011 [0.02] 0.002 [0.00] 0.000 [0.00]
15 | 0.121 [0.14] 0.084 [0.10] 0.053 [0.07] 0.018 [0.03] 0.003 [0.01] 0.000 [0.00]

(e) modesS-dyn: eps per layer for (r, q) in [(4, 8), (8, 8), (8, 16), (16, 4), (16, 8), (16, 16), (32, 8)]; cost at n = 1024 ~ 2 r q / n units transport+readout
 1 | 0.000 0.000 0.000 0.000 0.000 0.000 0.000
 2 | 0.000 0.000 0.000 0.000 0.000 0.000 0.000
 3 | 0.000 0.000 0.000 0.000 0.000 0.000 0.000
 4 | 0.000 0.000 0.000 0.000 0.000 0.000 0.000
 5 | 0.065 0.034 0.028 0.033 0.014 0.007 0.011
 6 | 0.081 0.041 0.035 0.043 0.016 0.008 0.013
 7 | 0.105 0.050 0.045 0.052 0.021 0.010 0.017
 8 | 0.117 0.059 0.050 0.061 0.021 0.009 0.018
 9 | 0.088 0.051 0.043 0.056 0.019 0.008 0.015
10 | 0.096 0.048 0.043 0.052 0.015 0.008 0.013
11 | 0.086 0.041 0.036 0.043 0.013 0.006 0.011
12 | 0.095 0.047 0.042 0.054 0.014 0.006 0.013
13 | 0.092 0.039 0.036 0.049 0.010 0.005 0.010
14 | 0.100 0.041 0.037 0.042 0.010 0.006 0.009
15 | 0.120 0.041 0.038 0.046 0.011 0.007 0.010
