/root/atl/A1/mlp_00000.npz: width 128, depth 16, N = 600000, young window w = 1, no-AD sources

old share: ||D21(Old_l)|| / ||D21(z_l)||
1:0.000 2:0.448 3:0.534 4:0.702 5:0.816 6:0.844 7:0.915 8:0.965 9:0.905 10:0.877 11:0.902 12:0.911 13:0.950 14:0.974 15:0.926

(a) modes-static: eps (rel. ||D21(z_l)||) of the symmetrised rank-r family; tensor energy residual in []
 l | r=1           r=2           r=4           r=8           r=16          r=32          r=64         
 2 | 0.411 [0.95] 0.384 [0.91] 0.327 [0.83] 0.249 [0.69] 0.164 [0.52] 0.081 [0.30] 0.021 [0.09]
 3 | 0.459 [0.91] 0.405 [0.84] 0.305 [0.72] 0.233 [0.59] 0.140 [0.41] 0.058 [0.21] 0.013 [0.05]
 4 | 0.460 [0.79] 0.414 [0.73] 0.341 [0.62] 0.221 [0.47] 0.120 [0.31] 0.049 [0.15] 0.010 [0.04]
 5 | 0.416 [0.63] 0.353 [0.54] 0.268 [0.44] 0.171 [0.31] 0.089 [0.19] 0.030 [0.08] 0.005 [0.02]
 6 | 0.318 [0.46] 0.266 [0.39] 0.201 [0.31] 0.118 [0.21] 0.057 [0.12] 0.016 [0.04] 0.002 [0.01]
 7 | 0.356 [0.49] 0.262 [0.35] 0.194 [0.27] 0.114 [0.18] 0.049 [0.09] 0.015 [0.04] 0.001 [0.00]
 8 | 0.394 [0.52] 0.297 [0.39] 0.204 [0.29] 0.120 [0.19] 0.049 [0.10] 0.014 [0.03] 0.001 [0.00]
 9 | 0.306 [0.42] 0.248 [0.33] 0.168 [0.25] 0.084 [0.15] 0.034 [0.07] 0.010 [0.02] 0.001 [0.00]
10 | 0.292 [0.37] 0.214 [0.26] 0.137 [0.19] 0.071 [0.11] 0.027 [0.05] 0.007 [0.02] 0.001 [0.00]
11 | 0.259 [0.35] 0.195 [0.26] 0.120 [0.18] 0.064 [0.11] 0.023 [0.05] 0.006 [0.02] 0.000 [0.00]
12 | 0.246 [0.33] 0.176 [0.23] 0.097 [0.15] 0.048 [0.08] 0.018 [0.04] 0.005 [0.01] 0.000 [0.00]
13 | 0.265 [0.30] 0.171 [0.19] 0.102 [0.12] 0.052 [0.07] 0.018 [0.03] 0.005 [0.01] 0.000 [0.00]
14 | 0.290 [0.35] 0.181 [0.22] 0.106 [0.13] 0.052 [0.07] 0.020 [0.03] 0.005 [0.01] 0.000 [0.00]
15 | 0.282 [0.33] 0.174 [0.21] 0.103 [0.13] 0.053 [0.08] 0.018 [0.03] 0.004 [0.01] 0.000 [0.00]

(e) modes-C: v-space fixed to the top-r eigenvectors of C_l (and of Phi C Phi of layer l-1 transported); S_r = Old(v_r,.,.); eps
 l | r=1     r=2     r=4     r=8     r=16    r=32    r=64   
 2 | 0.415 0.386 0.338 0.267 0.178 0.094 0.032
 3 | 0.473 0.421 0.333 0.257 0.161 0.074 0.026
 4 | 0.487 0.442 0.365 0.243 0.146 0.069 0.023
 5 | 0.433 0.373 0.282 0.194 0.110 0.049 0.016
 6 | 0.328 0.283 0.219 0.139 0.071 0.029 0.010
 7 | 0.383 0.285 0.213 0.138 0.069 0.034 0.008
 8 | 0.407 0.336 0.220 0.141 0.068 0.031 0.010
 9 | 0.317 0.273 0.189 0.099 0.050 0.026 0.006
10 | 0.299 0.223 0.156 0.099 0.047 0.027 0.008
11 | 0.267 0.204 0.142 0.080 0.038 0.024 0.006
12 | 0.246 0.182 0.116 0.066 0.036 0.021 0.006
13 | 0.265 0.177 0.117 0.069 0.035 0.020 0.005
14 | 0.292 0.186 0.119 0.066 0.036 0.021 0.005
15 | 0.277 0.185 0.118 0.070 0.042 0.020 0.006

(a) modes-dyn: transported family, incoming source added, re-truncated to r modes each layer; eps
 l | r=1     r=2     r=4     r=8     r=16    r=32    r=64   
 1 | 0.000 0.000 0.000 0.000 0.000 0.000 0.000
 2 | 0.411 0.384 0.327 0.249 0.164 0.081 0.021
 3 | 0.477 0.429 0.336 0.261 0.166 0.074 0.017
 4 | 0.530 0.481 0.405 0.291 0.171 0.071 0.014
 5 | 0.535 0.470 0.377 0.280 0.156 0.059 0.010
 6 | 0.454 0.403 0.323 0.235 0.123 0.044 0.006
 7 | 0.509 0.415 0.327 0.238 0.127 0.047 0.005
 8 | 0.553 0.454 0.357 0.260 0.134 0.050 0.005
 9 | 0.459 0.417 0.328 0.246 0.124 0.042 0.004
10 | 0.443 0.394 0.303 0.221 0.110 0.037 0.003
11 | 0.399 0.355 0.274 0.192 0.088 0.032 0.003
12 | 0.384 0.330 0.254 0.177 0.082 0.032 0.002
13 | 0.422 0.346 0.267 0.184 0.083 0.029 0.002
14 | 0.464 0.386 0.302 0.214 0.097 0.033 0.002
15 | 0.430 0.347 0.261 0.182 0.085 0.027 0.002

(c/d) old pool (age > w) D21 vs the young sources' D21 (per-layer in-sample least squares); eps rel ||D21(z_l)||
 l |  none  young young+T | tail:  none  gamma    g,y | gamma
 2 | 0.448  0.445   0.445 |
 3 | 0.534  0.515   0.515 | tail: 0.226  0.223  0.222 | +0.084
 4 | 0.702  0.643   0.643 | tail: 0.355  0.311  0.309 | +0.376
 5 | 0.816  0.761   0.761 | tail: 0.596  0.513  0.498 | +0.916
 6 | 0.844  0.728   0.728 | tail: 0.717  0.638  0.601 | +1.460
 7 | 0.915  0.884   0.883 | tail: 0.731  0.551  0.542 | +1.930
 8 | 0.965  0.965   0.965 | tail: 0.810  0.709  0.706 | +1.492
 9 | 0.905  0.844   0.844 | tail: 0.874  0.867  0.819 | +0.794
10 | 0.877  0.794   0.794 | tail: 0.798  0.748  0.699 | +1.537
11 | 0.902  0.784   0.784 | tail: 0.805  0.708  0.616 | +2.199
12 | 0.911  0.808   0.808 | tail: 0.804  0.611  0.579 | +3.399
13 | 0.950  0.891   0.891 | tail: 0.857  0.731  0.717 | +2.817
14 | 0.974  0.956   0.956 | tail: 0.950  0.945  0.928 | +0.764
15 | 0.926  0.867   0.866 | tail: 0.899  0.878  0.828 | +1.843

(c) regression of D21(Old_l) on O(n^2) chain objects (in-sample, per layer); eps rel ||D21(z_l)||
 l |  none  C-set +sliceT  +sandw  +young    all | coefficients(all)
 1 | 0.000  0.000     nan     nan   0.000  0.000 | +0 +0 +0 +0 +0 +0
 2 | 0.448  0.448   0.379   0.379   0.445  0.379 | -0.04 -0.0064 +0.028 +0.0086 +1.6 -1.5 -0.62 +3.1 -0.027 +0.023 -0.014 +0.0041
 3 | 0.534  0.532   0.373   0.372   0.513  0.372 | +0.037 -0.0069 -0.053 +0.0017 +1.3 -7.5 -0.4 +9.1 -1.2 +1.1 +0.0053 +0.0024
 4 | 0.702  0.694   0.377   0.376   0.636  0.376 | +0.021 +0.031 -0.025 +0.0092 +3.5 +2 -2.5 -0.26 +1.3 -1.2 +0.023 +0.0046
 5 | 0.816  0.805   0.409   0.408   0.756  0.408 | -0.098 +0.038 +0.13 +0.0085 +0.4 -1.3 +0.54 +2.9 +1.7 -1.7 +0.057 +0.0098
 6 | 0.844  0.774   0.431   0.429   0.678  0.423 | -0.18 +0.049 +0.25 -0.019 -23 +26 +24 -24 -8.3 +8.4 +0.33 +0.0022
 7 | 0.915  0.850   0.490   0.489   0.817  0.486 | +0.051 -0.1 -0.15 +0.0052 +55 +1.7e+02 -55 -1.7e+02 +8.6 -8.6 +0.23 -0.096
 8 | 0.965  0.902   0.536   0.535   0.900  0.535 | +0.15 -0.024 -0.35 +0.016 +24 -40 -23 +41 +11 -11 -0.042 -0.013
 9 | 0.905  0.903   0.565   0.564   0.843  0.557 | +0.015 +0.0091 -0.036 +0.004 +79 -1.2e+02 -78 +1.3e+02 +30 -30 +0.46 +0.00064
10 | 0.877  0.855   0.495   0.494   0.784  0.490 | +0.11 -0.039 -0.25 +0.023 +86 -1.8e+02 -85 +1.8e+02 -25 +25 +0.31 +0.01
11 | 0.902  0.901   0.571   0.571   0.783  0.547 | -0.023 +0.022 +0.027 -0.00068 +30 +1.6e+02 -29 -1.5e+02 -6.5 +6.6 +1 -0.092
12 | 0.911  0.754   0.485   0.483   0.684  0.469 | +0.12 -0.11 -0.39 +0.016 +42 -2.8e+02 -41 +2.8e+02 +70 -70 +0.75 -0.12
13 | 0.950  0.938   0.537   0.536   0.885  0.529 | -0.13 -0.0043 +0.31 -0.034 +29 +63 -28 -62 +19 -19 +0.77 +0.018
14 | 0.974  0.966   0.615   0.614   0.946  0.610 | -0.076 +0.043 +0.24 -0.0059 -68 -1.1e+02 +68 +1.1e+02 +93 -93 +0.6 +0.017
15 | 0.926  0.870   0.583   0.580   0.831  0.571 | -0.14 +0.15 +0.38 -0.011 +4.9e+02 +66 -4.9e+02 -65 +35 -35 +0.63 -0.011
