/root/atl/K256/mlp_00000.npz: width 256, depth 16, N = 200000, young window w = 4, no-AD sources

old share: ||D21(Old_l)|| / ||D21(z_l)||
1:0.000 2:0.000 3:0.000 4:0.000 5:0.137 6:0.256 7:0.319 8:0.388 9:0.440 10:0.489 11:0.549 12:0.631 13:0.735 14:0.693 15:0.771

(a) modes-static: eps (rel. ||D21(z_l)||) of the symmetrised rank-r family; tensor energy residual in []
 l | r=4           r=8           r=16          r=32          r=64         
 5 | 0.087 [0.79] 0.065 [0.66] 0.043 [0.48] 0.020 [0.27] 0.006 [0.09]
 6 | 0.131 [0.72] 0.095 [0.57] 0.056 [0.40] 0.023 [0.20] 0.006 [0.06]
 7 | 0.142 [0.61] 0.100 [0.47] 0.056 [0.31] 0.020 [0.15] 0.004 [0.04]
 8 | 0.161 [0.57] 0.110 [0.43] 0.057 [0.27] 0.021 [0.12] 0.004 [0.03]
 9 | 0.180 [0.58] 0.119 [0.41] 0.058 [0.24] 0.020 [0.11] 0.004 [0.03]
10 | 0.181 [0.51] 0.111 [0.35] 0.054 [0.20] 0.018 [0.09] 0.003 [0.02]
11 | 0.182 [0.44] 0.107 [0.29] 0.052 [0.17] 0.017 [0.07] 0.003 [0.02]
12 | 0.166 [0.35] 0.104 [0.24] 0.049 [0.13] 0.015 [0.05] 0.002 [0.01]
13 | 0.189 [0.32] 0.118 [0.21] 0.053 [0.11] 0.015 [0.04] 0.002 [0.01]
14 | 0.170 [0.31] 0.106 [0.21] 0.047 [0.11] 0.013 [0.04] 0.002 [0.01]
15 | 0.176 [0.27] 0.108 [0.18] 0.045 [0.09] 0.012 [0.03] 0.002 [0.01]

(e) modesU (shared basis U, Tucker (r,q,q)): eps for (r, q) in [(8, 32), (16, 32), (8, 64), (16, 64), (32, 64), (16, 128), (32, 128)]; static | dynamic
 1 | 0.000 0.000 0.000 0.000 0.000 0.000 0.000 | 0.000 0.000 0.000 0.000 0.000 0.000 0.000
 2 | 0.000 0.000 0.000 0.000 0.000 0.000 0.000 | 0.000 0.000 0.000 0.000 0.000 0.000 0.000
 3 | 0.000 0.000 0.000 0.000 0.000 0.000 0.000 | 0.000 0.000 0.000 0.000 0.000 0.000 0.000
 4 | 0.000 0.000 0.000 0.000 0.000 0.000 0.000 | 0.000 0.000 0.000 0.000 0.000 0.000 0.000
 5 | 0.073 0.058 0.066 0.045 0.025 0.043 0.020 | 0.073 0.058 0.066 0.045 0.025 0.043 0.020
 6 | 0.104 0.073 0.095 0.058 0.028 0.056 0.023 | 0.114 0.082 0.107 0.068 0.034 0.067 0.029
 7 | 0.108 0.070 0.100 0.057 0.024 0.056 0.020 | 0.136 0.089 0.131 0.078 0.035 0.076 0.031
 8 | 0.118 0.072 0.111 0.058 0.023 0.057 0.021 | 0.159 0.099 0.154 0.089 0.037 0.088 0.034
 9 | 0.126 0.073 0.119 0.059 0.023 0.058 0.020 | 0.182 0.111 0.177 0.100 0.041 0.099 0.037
10 | 0.118 0.067 0.111 0.055 0.020 0.054 0.018 | 0.193 0.113 0.189 0.104 0.040 0.104 0.038
11 | 0.114 0.064 0.107 0.053 0.019 0.052 0.017 | 0.200 0.117 0.195 0.107 0.041 0.106 0.039
12 | 0.110 0.059 0.104 0.050 0.016 0.049 0.015 | 0.199 0.117 0.195 0.109 0.040 0.109 0.038
13 | 0.124 0.063 0.118 0.054 0.016 0.053 0.015 | 0.236 0.136 0.232 0.128 0.044 0.127 0.042
14 | 0.111 0.055 0.106 0.047 0.014 0.047 0.013 | 0.224 0.125 0.221 0.119 0.042 0.119 0.040
15 | 0.113 0.053 0.108 0.046 0.013 0.045 0.012 | 0.238 0.134 0.234 0.127 0.043 0.127 0.041
