/root/atl/A1/mlp_00000.npz: width 128, depth 16, N = 600000, young window w = 4

old share: ||D21(Old_l)|| / ||D21(z_l)||
1:0.000 2:0.000 3:0.000 4:0.000 5:0.062 6:0.095 7:0.166 8:0.205 9:0.271 10:0.271 11:0.319 12:0.274 13:0.317 14:0.392 15:0.461

(a) modes-static: eps (rel. ||D21(z_l)||) of the symmetrised rank-r family; tensor energy residual in []
 l | r=1           r=2           r=4           r=8           r=16          r=32          r=64         
 5 | 0.054 [0.91] 0.047 [0.82] 0.038 [0.70] 0.028 [0.55] 0.016 [0.35] 0.007 [0.17] 0.002 [0.04]
 6 | 0.060 [0.69] 0.053 [0.63] 0.044 [0.54] 0.031 [0.41] 0.018 [0.26] 0.007 [0.12] 0.001 [0.02]
 7 | 0.114 [0.64] 0.101 [0.59] 0.086 [0.49] 0.057 [0.37] 0.030 [0.23] 0.012 [0.11] 0.002 [0.02]
 8 | 0.149 [0.72] 0.134 [0.67] 0.110 [0.57] 0.075 [0.43] 0.045 [0.27] 0.022 [0.13] 0.003 [0.02]
 9 | 0.157 [0.60] 0.132 [0.54] 0.097 [0.43] 0.066 [0.32] 0.039 [0.20] 0.018 [0.10] 0.002 [0.02]
10 | 0.188 [0.57] 0.150 [0.48] 0.112 [0.39] 0.073 [0.29] 0.039 [0.17] 0.018 [0.08] 0.002 [0.01]
11 | 0.188 [0.55] 0.162 [0.49] 0.119 [0.39] 0.076 [0.29] 0.040 [0.18] 0.018 [0.08] 0.002 [0.01]
12 | 0.147 [0.51] 0.127 [0.46] 0.098 [0.39] 0.068 [0.28] 0.034 [0.17] 0.019 [0.09] 0.003 [0.02]
13 | 0.184 [0.49] 0.159 [0.43] 0.128 [0.36] 0.081 [0.26] 0.044 [0.16] 0.021 [0.08] 0.002 [0.01]
14 | 0.270 [0.58] 0.224 [0.49] 0.172 [0.40] 0.112 [0.28] 0.062 [0.19] 0.030 [0.10] 0.004 [0.02]
15 | 0.317 [0.64] 0.255 [0.56] 0.194 [0.45] 0.124 [0.32] 0.071 [0.20] 0.036 [0.11] 0.006 [0.02]

(a) modes-dyn: transported family, incoming source added, re-truncated to r modes each layer; eps
 l | r=1     r=2     r=4     r=8     r=16    r=32    r=64   
 1 | 0.000 0.000 0.000 0.000 0.000 0.000 0.000
 2 | 0.000 0.000 0.000 0.000 0.000 0.000 0.000
 3 | 0.000 0.000 0.000 0.000 0.000 0.000 0.000
 4 | 0.000 0.000 0.000 0.000 0.000 0.000 0.000
 5 | 0.054 0.047 0.038 0.028 0.016 0.007 0.002
 6 | 0.062 0.056 0.046 0.034 0.019 0.008 0.002
 7 | 0.118 0.105 0.090 0.060 0.033 0.014 0.002
 8 | 0.157 0.146 0.125 0.087 0.053 0.026 0.003
 9 | 0.170 0.150 0.117 0.084 0.053 0.023 0.003
10 | 0.200 0.172 0.133 0.090 0.052 0.024 0.003
11 | 0.201 0.181 0.142 0.096 0.052 0.023 0.003
12 | 0.161 0.144 0.120 0.089 0.049 0.025 0.003
13 | 0.193 0.173 0.148 0.104 0.063 0.030 0.004
14 | 0.292 0.254 0.207 0.145 0.084 0.042 0.005
15 | 0.338 0.289 0.232 0.165 0.101 0.054 0.007

(c/d) old pool (age > w) D21 vs the young sources' D21 (per-layer in-sample least squares); eps rel ||D21(z_l)||
 l |  none  young young+T | tail:  none  gamma    g,y | gamma
 5 | 0.062  0.062   0.062 |
 6 | 0.095  0.079   0.079 | tail: 0.038  0.038  0.036 | +0.052
 7 | 0.166  0.133   0.133 | tail: 0.077  0.065  0.063 | +0.376
 8 | 0.205  0.194   0.194 | tail: 0.125  0.113  0.107 | +0.459
 9 | 0.271  0.246   0.246 | tail: 0.183  0.155  0.150 | +0.792
10 | 0.271  0.265   0.265 | tail: 0.199  0.182  0.178 | +0.696
11 | 0.319  0.288   0.288 | tail: 0.236  0.228  0.223 | +0.358
12 | 0.274  0.224   0.223 | tail: 0.259  0.259  0.213 | -0.142
13 | 0.317  0.299   0.299 | tail: 0.229  0.204  0.200 | +0.752
14 | 0.392  0.387   0.387 | tail: 0.317  0.308  0.305 | +0.444
15 | 0.461  0.453   0.453 | tail: 0.379  0.369  0.366 | +0.451

(c) regression of D21(Old_l) on O(n^2) chain objects (in-sample, per layer); eps rel ||D21(z_l)||
 l |  none  C-set +sliceT  +sandw  +young    all | coefficients(all)
 1 | 0.000  0.000     nan     nan   0.000  0.000 | +0 +0 +0 +0 +0 +0
 2 | 0.000  0.000   0.000   0.000   0.000  0.000 | +0 +0 +0 +0 +0 +0 +0 +0 +0 +0 +0 +0
 3 | 0.000  0.000   0.000   0.000   0.000  0.000 | +0 +0 +0 +0 +0 +0 +0 +0 +0 +0 +0 +0
 4 | 0.000  0.000   0.000   0.000   0.000  0.000 | +0 +0 +0 +0 +0 +0 +0 +0 +0 +0 +0 +0
 5 | 0.062  0.062   0.062   0.062   0.062  0.062 | -0.0036 +0.0021 +0.0054 +0.0016 +0.036 +0.13 +0.0052 -0.03 +0.027 +0.00075 -0.0067 -0.00043
 6 | 0.095  0.090   0.090   0.090   0.087  0.082 | -0.015 +0.0048 +0.02 +5.5e-05 -0.14 +0.057 -0.079 -0.12 -0.043 -0.0019 +0.074 -0.00043
 7 | 0.166  0.161   0.159   0.157   0.161  0.144 | +0.012 -0.02 -0.025 +0.0023 +0.072 +0.091 -0.16 -0.24 -0.13 +0.0039 +0.13 -0.0057
 8 | 0.205  0.202   0.201   0.200   0.202  0.198 | +0.017 +0.00072 -0.027 +0.0023 -0.31 -0.25 -0.074 -0.17 -0.07 +0.022 +0.053 -0.0076
 9 | 0.271  0.271   0.270   0.270   0.266  0.257 | -0.0084 +0.0062 +0.00069 +0.0043 +0.17 +0.27 -0.18 -0.31 +0.03 +0.0045 +0.17 -0.0036
10 | 0.271  0.268   0.263   0.263   0.268  0.260 | +0.032 -0.024 -0.056 -0.0098 -0.55 -0.46 -0.045 -0.27 +0.017 -0.013 +0.077 -0.0036
11 | 0.319  0.318   0.317   0.316   0.315  0.294 | +0.0037 +0.011 -0.011 -0.00027 -0.21 -0.23 -0.31 -0.46 -0.018 +0.032 +0.26 -0.0047
12 | 0.274  0.238   0.236   0.235   0.237  0.225 | +0.027 -0.025 -0.12 +0.0027 -0.23 -0.19 -0.18 -0.42 -0.064 +0.035 +0.17 -0.0046
13 | 0.317  0.312   0.309   0.308   0.305  0.301 | -0.056 -0.0013 +0.094 -0.00076 +0.27 +0.14 -0.091 -0.28 -0.018 +0.064 +0.15 -0.007
14 | 0.392  0.388   0.384   0.382   0.387  0.382 | -0.029 +0.016 +0.093 -0.0025 +0.097 +0.038 -0.079 -0.33 +0.11 -0.017 +0.031 +0.003
15 | 0.461  0.451   0.429   0.428   0.439  0.427 | -0.061 +0.099 +0.22 +0.0098 -0.62 -0.94 -0.066 -0.29 +0.043 +0.058 -0.051 -0.01
