/root/atl/A1/mlp_00000.npz: width 128, depth 16, N = 600000, young window w = 4, no-AD sources

old share: ||D21(Old_l)|| / ||D21(z_l)||
1:0.000 2:0.000 3:0.000 4:0.000 5:0.105 6:0.241 7:0.437 8:0.540 9:0.585 10:0.650 11:0.679 12:0.616 13:0.689 14:0.792 15:0.743

(e) modesS-dyn: eps per layer for (r, q) in [(4, 16), (8, 16), (8, 32), (16, 8), (16, 16), (16, 32), (32, 16)]; cost at n = 1024 ~ 2 r q / n units transport+readout
 1 | 0.000 0.000 0.000 0.000 0.000 0.000 0.000
 2 | 0.000 0.000 0.000 0.000 0.000 0.000 0.000
 3 | 0.000 0.000 0.000 0.000 0.000 0.000 0.000
 4 | 0.000 0.000 0.000 0.000 0.000 0.000 0.000
 5 | 0.044 0.030 0.028 0.024 0.017 0.014 0.008
 6 | 0.056 0.036 0.035 0.025 0.017 0.015 0.007
 7 | 0.089 0.052 0.051 0.037 0.023 0.021 0.009
 8 | 0.126 0.076 0.074 0.052 0.031 0.027 0.012
 9 | 0.127 0.073 0.072 0.046 0.026 0.023 0.011
10 | 0.126 0.067 0.066 0.042 0.023 0.020 0.009
11 | 0.119 0.055 0.055 0.035 0.018 0.016 0.007
12 | 0.108 0.056 0.055 0.034 0.017 0.015 0.006
13 | 0.122 0.061 0.061 0.036 0.018 0.017 0.007
14 | 0.158 0.078 0.077 0.046 0.024 0.022 0.008
15 | 0.147 0.076 0.076 0.046 0.025 0.023 0.008
