/root/atl/K256/mlp_00000.npz: width 256, depth 16, N = 200000, young window w = 4, no-AD sources

old share: ||D21(Old_l)|| / ||D21(z_l)||
1:0.000 2:0.000 3:0.000 4:0.000 5:0.137 6:0.256 7:0.319 8:0.388 9:0.440 10:0.489 11:0.549 12:0.631 13:0.735 14:0.693 15:0.771

(e) modesS-dyn: eps per layer for (r, q) in [(4, 32), (8, 32), (8, 64), (16, 16), (16, 32), (16, 64), (32, 32)]; cost at n = 1024 ~ 2 r q / n units transport+readout
 1 | 0.000 0.000 0.000 0.000 0.000 0.000 0.000
 2 | 0.000 0.000 0.000 0.000 0.000 0.000 0.000
 3 | 0.000 0.000 0.000 0.000 0.000 0.000 0.000
 4 | 0.000 0.000 0.000 0.000 0.000 0.000 0.000
 5 | 0.087 0.067 0.066 0.053 0.045 0.043 0.024
 6 | 0.145 0.108 0.106 0.080 0.069 0.067 0.034
 7 | 0.176 0.132 0.130 0.090 0.078 0.077 0.035
 8 | 0.207 0.156 0.154 0.102 0.090 0.089 0.038
 9 | 0.248 0.178 0.177 0.114 0.101 0.099 0.041
10 | 0.274 0.190 0.189 0.117 0.105 0.104 0.041
11 | 0.291 0.197 0.195 0.120 0.108 0.107 0.043
12 | 0.270 0.196 0.195 0.122 0.110 0.109 0.042
13 | 0.312 0.233 0.231 0.143 0.129 0.127 0.047
14 | 0.290 0.222 0.221 0.132 0.120 0.119 0.045
15 | 0.314 0.235 0.234 0.139 0.128 0.127 0.046
