/root/atl/A2/mlp_00000.npz: width 128, depth 16, N = 600000, young window w = 4, no-AD sources

old share: ||D21(Old_l)|| / ||D21(z_l)||
1:0.000 2:0.000 3:0.000 4:0.000 5:0.105 6:0.242 7:0.435 8:0.536 9:0.582 10:0.649 11:0.678 12:0.613 13:0.689 14:0.790 15:0.741

(e) modesS-dyn: eps per layer for (r, q) in [(4, 16), (8, 16), (8, 32), (16, 8), (16, 16), (16, 32), (32, 16)]; cost at n = 1024 ~ 2 r q / n units transport+readout
 1 | 0.000 0.000 0.000 0.000 0.000 0.000 0.000
 2 | 0.000 0.000 0.000 0.000 0.000 0.000 0.000
 3 | 0.000 0.000 0.000 0.000 0.000 0.000 0.000
 4 | 0.000 0.000 0.000 0.000 0.000 0.000 0.000
 5 | 0.044 0.030 0.028 0.024 0.017 0.014 0.008
 6 | 0.057 0.037 0.036 0.025 0.017 0.015 0.007
 7 | 0.090 0.053 0.052 0.037 0.024 0.021 0.009
 8 | 0.127 0.076 0.074 0.052 0.031 0.028 0.012
 9 | 0.127 0.073 0.072 0.047 0.027 0.024 0.011
10 | 0.127 0.068 0.067 0.042 0.023 0.020 0.009
11 | 0.120 0.056 0.055 0.034 0.019 0.017 0.008
12 | 0.109 0.056 0.056 0.034 0.017 0.016 0.006
13 | 0.123 0.062 0.061 0.036 0.019 0.017 0.007
14 | 0.161 0.079 0.078 0.046 0.025 0.022 0.008
15 | 0.148 0.077 0.077 0.046 0.025 0.023 0.009
