/root/atl/A1/mlp_00000.npz: width 128, depth 16, N = 600000, young window w = 1, no-AD sources

old share: ||D21(Old_l)|| / ||D21(z_l)||
1:0.000 2:0.448 3:0.534 4:0.702 5:0.816 6:0.844 7:0.915 8:0.965 9:0.905 10:0.877 11:0.902 12:0.911 13:0.950 14:0.974 15:0.926

(e) modesS-dyn: eps per layer for (r, q) in [(4, 16), (8, 16), (8, 32), (16, 8), (16, 16), (16, 32), (32, 16)]; cost at n = 1024 ~ 2 r q / n units transport+readout
 1 | 0.000 0.000 0.000 0.000 0.000 0.000 0.000
 2 | 0.338 0.270 0.252 0.248 0.203 0.170 0.138
 3 | 0.346 0.278 0.263 0.242 0.198 0.170 0.124
 4 | 0.415 0.311 0.295 0.245 0.200 0.177 0.118
 5 | 0.387 0.294 0.283 0.224 0.181 0.160 0.102
 6 | 0.330 0.247 0.237 0.183 0.141 0.126 0.076
 7 | 0.335 0.249 0.240 0.185 0.147 0.130 0.079
 8 | 0.365 0.267 0.262 0.197 0.150 0.137 0.085
 9 | 0.334 0.252 0.247 0.182 0.138 0.126 0.076
10 | 0.309 0.228 0.222 0.163 0.124 0.112 0.070
11 | 0.281 0.198 0.193 0.131 0.099 0.090 0.058
12 | 0.259 0.182 0.178 0.123 0.093 0.084 0.057
13 | 0.270 0.188 0.184 0.123 0.093 0.085 0.053
14 | 0.305 0.219 0.215 0.144 0.109 0.098 0.061
15 | 0.264 0.187 0.183 0.119 0.093 0.086 0.051
