/root/atl/P64/mlp_00000.npz [MODEL chain]: width 64, depth 16, N = 1000000, young window w = 4, no-AD sources

old share: ||D21(Old_l)|| / ||D21(z_l)||
1:0.000 2:0.000 3:0.000 4:0.000 5:0.198 6:0.267 7:0.241 8:0.380 9:0.313 10:0.419 11:0.381 12:0.326 13:0.447 14:0.344 15:0.635

(e) modes with structured S_p: eps for r in [4, 8, 16]; columns: exact S | rank-q S for q in [4, 8, 16, 32] | S fitted on C-features
 5 | r=4: 0.063 0.077 0.064 0.063 0.063 0.149 | r=8: 0.023 0.044 0.027 0.023 0.023 0.146 | r=16: 0.005 0.032 0.011 0.005 0.005 0.146
 6 | r=4: 0.066 0.084 0.067 0.066 0.066 0.181 | r=8: 0.022 0.046 0.026 0.022 0.022 0.180 | r=16: 0.005 0.035 0.010 0.005 0.005 0.179
 7 | r=4: 0.062 0.078 0.064 0.062 0.062 0.169 | r=8: 0.021 0.043 0.026 0.021 0.021 0.167 | r=16: 0.003 0.032 0.010 0.003 0.003 0.167
 8 | r=4: 0.077 0.094 0.080 0.077 0.077 0.242 | r=8: 0.026 0.053 0.031 0.026 0.026 0.234 | r=16: 0.006 0.039 0.013 0.006 0.006 0.234
 9 | r=4: 0.071 0.085 0.073 0.071 0.071 0.219 | r=8: 0.022 0.045 0.028 0.022 0.022 0.216 | r=16: 0.004 0.034 0.011 0.004 0.004 0.216
10 | r=4: 0.100 0.122 0.103 0.100 0.100 0.355 | r=8: 0.041 0.081 0.048 0.041 0.041 0.351 | r=16: 0.007 0.059 0.019 0.008 0.007 0.351
11 | r=4: 0.047 0.061 0.049 0.047 0.047 0.208 | r=8: 0.019 0.038 0.024 0.020 0.019 0.206 | r=16: 0.003 0.026 0.009 0.004 0.003 0.206
12 | r=4: 0.094 0.127 0.098 0.094 0.094 0.257 | r=8: 0.036 0.075 0.043 0.036 0.036 0.255 | r=16: 0.005 0.054 0.015 0.005 0.005 0.254
13 | r=4: 0.062 0.082 0.067 0.062 0.062 0.239 | r=8: 0.023 0.047 0.030 0.024 0.023 0.239 | r=16: 0.004 0.034 0.011 0.004 0.004 0.239
14 | r=4: 0.091 0.120 0.094 0.091 0.091 0.270 | r=8: 0.040 0.076 0.047 0.040 0.040 0.266 | r=16: 0.006 0.055 0.016 0.007 0.006 0.265
15 | r=4: 0.086 0.123 0.092 0.087 0.086 0.358 | r=8: 0.032 0.068 0.040 0.032 0.032 0.358 | r=16: 0.005 0.048 0.014 0.005 0.005 0.358
