/root/atl/t1/mlp_00000.npz: width 128, depth 16, N = 8192, young window w = 4, no-AD sources

old share: ||D21(Old_l)|| / ||D21(z_l)||
1:0.000 2:0.000 3:0.000 4:0.000 5:0.107 6:0.245 7:0.433 8:0.542 9:0.600 10:0.652 11:0.678 12:0.609 13:0.705 14:0.794 15:0.745

(e) modesS-dyn: eps per layer for (r, q) in [(4, 16), (8, 16), (8, 32), (16, 8), (16, 16), (16, 32), (32, 16)]; cost at n = 1024 ~ 2 r q / n units transport+readout
 1 | 0.000 0.000 0.000 0.000 0.000 0.000 0.000
 2 | 0.000 0.000 0.000 0.000 0.000 0.000 0.000
 3 | 0.000 0.000 0.000 0.000 0.000 0.000 0.000
 4 | 0.000 0.000 0.000 0.000 0.000 0.000 0.000
 5 | 0.046 0.032 0.030 0.026 0.019 0.015 0.008
 6 | 0.057 0.038 0.037 0.026 0.018 0.015 0.008
 7 | 0.088 0.055 0.053 0.037 0.024 0.022 0.009
 8 | 0.131 0.079 0.078 0.054 0.033 0.029 0.012
 9 | 0.128 0.075 0.074 0.049 0.028 0.025 0.010
10 | 0.128 0.072 0.071 0.044 0.023 0.021 0.008
11 | 0.119 0.061 0.061 0.034 0.018 0.017 0.007
12 | 0.110 0.060 0.060 0.035 0.017 0.016 0.006
13 | 0.125 0.063 0.063 0.038 0.018 0.017 0.006
14 | 0.162 0.080 0.080 0.047 0.024 0.022 0.008
15 | 0.147 0.078 0.079 0.047 0.024 0.022 0.007
