/root/atl/P64/mlp_00000.npz [MODEL chain]: width 64, depth 16, N = 1000000, young window w = 4, no-AD sources

old share: ||D21(Old_l)|| / ||D21(z_l)||
1:0.000 2:0.000 3:0.000 4:0.000 5:0.198 6:0.267 7:0.241 8:0.380 9:0.313 10:0.419 11:0.381 12:0.326 13:0.447 14:0.344 15:0.635

(e) modesU (shared basis U, Tucker (r,q,q)): eps for (r, q) in [(8, 8), (16, 8), (8, 16), (16, 16), (32, 16), (16, 32), (32, 32)]; static | dynamic
 1 | 0.000 0.000 0.000 0.000 0.000 0.000 0.000 | 0.000 0.000 0.000 0.000 0.000 0.000 0.000
 2 | 0.000 0.000 0.000 0.000 0.000 0.000 0.000 | 0.000 0.000 0.000 0.000 0.000 0.000 0.000
 3 | 0.000 0.000 0.000 0.000 0.000 0.000 0.000 | 0.000 0.000 0.000 0.000 0.000 0.000 0.000
 4 | 0.000 0.000 0.000 0.000 0.000 0.000 0.000 | 0.000 0.000 0.000 0.000 0.000 0.000 0.000
 5 | 0.054 0.040 0.025 0.013 0.009 0.005 0.001 | 0.054 0.040 0.025 0.013 0.009 0.005 0.001
 6 | 0.053 0.040 0.025 0.013 0.009 0.005 0.000 | 0.065 0.050 0.032 0.016 0.012 0.006 0.001
 7 | 0.047 0.036 0.022 0.009 0.006 0.003 0.000 | 0.061 0.050 0.033 0.013 0.010 0.005 0.001
 8 | 0.059 0.045 0.029 0.015 0.011 0.006 0.000 | 0.080 0.063 0.041 0.019 0.013 0.007 0.001
 9 | 0.049 0.038 0.024 0.012 0.008 0.004 0.000 | 0.070 0.058 0.039 0.018 0.012 0.007 0.001
10 | 0.086 0.068 0.044 0.020 0.014 0.007 0.000 | 0.120 0.096 0.064 0.027 0.019 0.011 0.001
11 | 0.042 0.033 0.021 0.009 0.006 0.003 0.000 | 0.058 0.048 0.034 0.014 0.010 0.005 0.000
12 | 0.073 0.060 0.038 0.014 0.010 0.005 0.000 | 0.103 0.088 0.062 0.023 0.017 0.010 0.001
13 | 0.047 0.039 0.025 0.010 0.007 0.004 0.000 | 0.068 0.059 0.041 0.015 0.011 0.006 0.000
14 | 0.084 0.066 0.043 0.017 0.012 0.007 0.000 | 0.102 0.085 0.059 0.025 0.018 0.010 0.001
15 | 0.065 0.054 0.035 0.014 0.010 0.005 0.000 | 0.098 0.080 0.053 0.021 0.015 0.009 0.000
