/root/atl/P64/mlp_00000.npz [MODEL chain]: width 64, depth 16, N = 1000000, young window w = 4, no-AD sources

old share: ||D21(Old_l)|| / ||D21(z_l)||
1:0.000 2:0.000 3:0.000 4:0.000 5:0.198 6:0.267 7:0.241 8:0.380 9:0.313 10:0.419 11:0.381 12:0.326 13:0.447 14:0.344 15:0.635

(e) modesS-dyn: eps per layer for (r, q) in [(4, 8), (8, 8), (8, 16), (16, 4), (16, 8), (16, 16), (32, 8)]; cost at n = 1024 ~ 2 r q / n units transport+readout
 1 | 0.000 0.000 0.000 0.000 0.000 0.000 0.000
 2 | 0.000 0.000 0.000 0.000 0.000 0.000 0.000
 3 | 0.000 0.000 0.000 0.000 0.000 0.000 0.000
 4 | 0.000 0.000 0.000 0.000 0.000 0.000 0.000
 5 | 0.064 0.027 0.023 0.032 0.011 0.005 0.009
 6 | 0.085 0.034 0.029 0.046 0.014 0.007 0.011
 7 | 0.090 0.036 0.031 0.049 0.014 0.006 0.012
 8 | 0.114 0.043 0.038 0.064 0.017 0.008 0.014
 9 | 0.111 0.042 0.036 0.054 0.016 0.007 0.013
10 | 0.164 0.069 0.061 0.088 0.027 0.011 0.022
11 | 0.083 0.037 0.032 0.046 0.015 0.006 0.012
12 | 0.151 0.067 0.058 0.083 0.029 0.010 0.025
13 | 0.094 0.046 0.038 0.049 0.018 0.007 0.015
14 | 0.124 0.065 0.057 0.075 0.024 0.011 0.020
15 | 0.134 0.062 0.050 0.068 0.023 0.009 0.020
