/root/atl/A1/mlp_00000.npz: width 128, depth 16, N = 600000, young window w = 4, no-AD sources

old share: ||D21(Old_l)|| / ||D21(z_l)||
1:0.000 2:0.000 3:0.000 4:0.000 5:0.105 6:0.241 7:0.437 8:0.540 9:0.585 10:0.650 11:0.679 12:0.616 13:0.689 14:0.792 15:0.743

(e) modes with structured S_p: eps for r in [4, 8, 16]; columns: exact S | rank-q S for q in [4, 8, 16, 32, 64] | S fitted on C-features
 5 | r=4: 0.043 0.053 0.047 0.044 0.043 0.043 0.077 | r=8: 0.028 0.042 0.035 0.030 0.028 0.028 0.077 | r=16: 0.014 0.033 0.024 0.017 0.014 0.014 0.077
 6 | r=4: 0.050 0.063 0.055 0.051 0.050 0.050 0.103 | r=8: 0.030 0.048 0.038 0.032 0.030 0.030 0.103 | r=16: 0.012 0.034 0.022 0.015 0.012 0.012 0.102
 7 | r=4: 0.074 0.096 0.081 0.076 0.075 0.074 0.175 | r=8: 0.038 0.064 0.049 0.040 0.038 0.038 0.174 | r=16: 0.014 0.045 0.026 0.017 0.014 0.014 0.174
 8 | r=4: 0.097 0.130 0.105 0.098 0.097 0.097 0.225 | r=8: 0.051 0.087 0.064 0.053 0.051 0.051 0.225 | r=16: 0.015 0.058 0.030 0.019 0.016 0.015 0.224
 9 | r=4: 0.083 0.111 0.090 0.084 0.083 0.083 0.207 | r=8: 0.039 0.069 0.049 0.040 0.039 0.039 0.206 | r=16: 0.011 0.047 0.023 0.013 0.011 0.011 0.205
10 | r=4: 0.079 0.109 0.086 0.079 0.079 0.079 0.212 | r=8: 0.033 0.063 0.043 0.034 0.033 0.033 0.212 | r=16: 0.008 0.043 0.019 0.010 0.008 0.008 0.211
11 | r=4: 0.066 0.088 0.071 0.066 0.066 0.066 0.194 | r=8: 0.025 0.049 0.032 0.026 0.025 0.025 0.193 | r=16: 0.006 0.034 0.014 0.007 0.006 0.006 0.193
12 | r=4: 0.051 0.070 0.055 0.051 0.051 0.051 0.157 | r=8: 0.021 0.039 0.026 0.021 0.021 0.021 0.156 | r=16: 0.005 0.026 0.011 0.006 0.005 0.005 0.156
13 | r=4: 0.055 0.076 0.059 0.055 0.055 0.055 0.179 | r=8: 0.022 0.043 0.028 0.022 0.022 0.022 0.177 | r=16: 0.005 0.029 0.012 0.006 0.006 0.005 0.177
14 | r=4: 0.071 0.099 0.077 0.072 0.071 0.071 0.217 | r=8: 0.031 0.058 0.039 0.032 0.031 0.031 0.215 | r=16: 0.007 0.039 0.016 0.009 0.007 0.007 0.215
15 | r=4: 0.069 0.094 0.076 0.070 0.069 0.069 0.233 | r=8: 0.031 0.056 0.039 0.031 0.031 0.031 0.232 | r=16: 0.008 0.038 0.017 0.009 0.008 0.008 0.231
