/root/atl/A1/mlp_00000.npz [MODEL chain]: width 128, depth 16, N = 600000, young window w = 4, no-AD sources

old share: ||D21(Old_l)|| / ||D21(z_l)||
1:0.000 2:0.000 3:0.000 4:0.000 5:0.161 6:0.305 7:0.549 8:0.541 9:0.609 10:0.692 11:0.669 12:0.565 13:0.734 14:0.756 15:0.739

(e) modes with structured S_p: eps for r in [4, 8, 16]; columns: exact S | rank-q S for q in [4, 8, 16, 32, 64] | S fitted on C-features
 5 | r=4: 0.065 0.081 0.071 0.067 0.065 0.065 0.118 | r=8: 0.042 0.064 0.053 0.045 0.042 0.042 0.117 | r=16: 0.021 0.051 0.036 0.026 0.021 0.021 0.117
 6 | r=4: 0.078 0.096 0.085 0.078 0.078 0.078 0.156 | r=8: 0.048 0.075 0.061 0.050 0.048 0.048 0.154 | r=16: 0.020 0.055 0.036 0.023 0.020 0.020 0.153
 7 | r=4: 0.107 0.141 0.117 0.108 0.107 0.107 0.259 | r=8: 0.058 0.101 0.074 0.060 0.058 0.058 0.256 | r=16: 0.022 0.074 0.043 0.026 0.023 0.022 0.256
 8 | r=4: 0.129 0.167 0.142 0.129 0.129 0.129 0.287 | r=8: 0.070 0.117 0.092 0.072 0.070 0.070 0.284 | r=16: 0.024 0.084 0.049 0.028 0.024 0.024 0.283
 9 | r=4: 0.099 0.123 0.105 0.100 0.099 0.099 0.262 | r=8: 0.052 0.085 0.063 0.053 0.052 0.052 0.260 | r=16: 0.017 0.060 0.033 0.020 0.017 0.017 0.260
10 | r=4: 0.093 0.119 0.099 0.094 0.093 0.093 0.261 | r=8: 0.046 0.079 0.056 0.047 0.046 0.046 0.260 | r=16: 0.015 0.056 0.029 0.018 0.015 0.015 0.259
11 | r=4: 0.077 0.094 0.082 0.078 0.077 0.077 0.219 | r=8: 0.040 0.064 0.049 0.041 0.040 0.040 0.217 | r=16: 0.012 0.045 0.024 0.014 0.012 0.012 0.216
12 | r=4: 0.073 0.090 0.078 0.074 0.073 0.073 0.190 | r=8: 0.034 0.057 0.043 0.035 0.034 0.034 0.188 | r=16: 0.012 0.040 0.023 0.013 0.012 0.012 0.187
13 | r=4: 0.075 0.097 0.082 0.076 0.075 0.075 0.224 | r=8: 0.039 0.066 0.049 0.040 0.039 0.039 0.222 | r=16: 0.012 0.044 0.024 0.013 0.012 0.012 0.222
14 | r=4: 0.111 0.141 0.117 0.111 0.111 0.111 0.290 | r=8: 0.054 0.091 0.066 0.055 0.054 0.054 0.285 | r=16: 0.017 0.063 0.033 0.019 0.017 0.017 0.285
15 | r=4: 0.104 0.127 0.111 0.105 0.104 0.104 0.289 | r=8: 0.060 0.093 0.072 0.062 0.060 0.060 0.287 | r=16: 0.021 0.067 0.038 0.024 0.021 0.021 0.286
