/root/atl/B1/mlp_00000.npz: width 128, depth 16, N = 600000, young window w = 4, no-AD sources

old share: ||D21(Old_l)|| / ||D21(z_l)||
1:0.000 2:0.000 3:0.000 4:0.000 5:0.129 6:0.255 7:0.388 8:0.543 9:0.511 10:0.528 11:0.500 12:0.597 13:0.761 14:0.876 15:0.829

(e) modesU (shared basis U, Tucker (r,q,q)): eps for (r, q) in [(8, 16), (16, 16), (8, 32), (16, 32), (32, 32), (16, 64), (32, 64)]; static | dynamic
 1 | 0.000 0.000 0.000 0.000 0.000 0.000 0.000 | 0.000 0.000 0.000 0.000 0.000 0.000 0.000
 2 | 0.000 0.000 0.000 0.000 0.000 0.000 0.000 | 0.000 0.000 0.000 0.000 0.000 0.000 0.000
 3 | 0.000 0.000 0.000 0.000 0.000 0.000 0.000 | 0.000 0.000 0.000 0.000 0.000 0.000 0.000
 4 | 0.000 0.000 0.000 0.000 0.000 0.000 0.000 | 0.000 0.000 0.000 0.000 0.000 0.000 0.000
 5 | 0.045 0.036 0.037 0.019 0.012 0.016 0.004 | 0.045 0.036 0.037 0.019 0.012 0.016 0.004
 6 | 0.051 0.039 0.041 0.019 0.010 0.017 0.003 | 0.059 0.044 0.050 0.024 0.012 0.021 0.005
 7 | 0.058 0.038 0.048 0.019 0.009 0.017 0.003 | 0.072 0.049 0.063 0.027 0.012 0.026 0.005
 8 | 0.060 0.038 0.050 0.018 0.009 0.016 0.003 | 0.079 0.049 0.072 0.029 0.012 0.027 0.005
 9 | 0.053 0.033 0.045 0.015 0.007 0.014 0.002 | 0.080 0.046 0.074 0.028 0.011 0.026 0.005
10 | 0.048 0.027 0.042 0.012 0.005 0.011 0.002 | 0.074 0.043 0.070 0.027 0.010 0.025 0.004
11 | 0.040 0.025 0.034 0.011 0.004 0.010 0.001 | 0.066 0.038 0.064 0.024 0.008 0.024 0.004
12 | 0.036 0.020 0.031 0.009 0.003 0.008 0.001 | 0.077 0.036 0.074 0.024 0.008 0.023 0.004
13 | 0.031 0.017 0.027 0.008 0.003 0.007 0.001 | 0.071 0.034 0.070 0.022 0.007 0.021 0.003
14 | 0.028 0.016 0.024 0.007 0.003 0.007 0.001 | 0.065 0.031 0.062 0.021 0.006 0.020 0.003
15 | 0.025 0.013 0.022 0.006 0.002 0.006 0.001 | 0.068 0.028 0.066 0.020 0.005 0.019 0.002
