/root/atl/B1/mlp_00000.npz: width 128, depth 16, N = 600000, young window w = 4, no-AD sources

old share: ||D21(Old_l)|| / ||D21(z_l)||
1:0.000 2:0.000 3:0.000 4:0.000 5:0.129 6:0.255 7:0.388 8:0.543 9:0.511 10:0.528 11:0.500 12:0.597 13:0.761 14:0.876 15:0.829

(e) modes with structured S_p: eps for r in [4, 8, 16]; columns: exact S | rank-q S for q in [4, 8, 16, 32, 64] | S fitted on C-features
 5 | r=4: 0.055 0.066 0.060 0.056 0.055 0.055 0.103 | r=8: 0.036 0.054 0.044 0.037 0.036 0.036 0.102 | r=16: 0.016 0.041 0.028 0.019 0.016 0.016 0.101
 6 | r=4: 0.069 0.087 0.075 0.070 0.069 0.069 0.143 | r=8: 0.040 0.064 0.050 0.042 0.040 0.040 0.141 | r=16: 0.017 0.047 0.030 0.020 0.017 0.017 0.140
 7 | r=4: 0.081 0.107 0.090 0.082 0.081 0.081 0.172 | r=8: 0.047 0.079 0.060 0.049 0.047 0.047 0.171 | r=16: 0.017 0.055 0.032 0.020 0.017 0.017 0.171
 8 | r=4: 0.092 0.118 0.103 0.093 0.092 0.092 0.202 | r=8: 0.050 0.081 0.065 0.052 0.050 0.050 0.200 | r=16: 0.016 0.055 0.034 0.019 0.017 0.016 0.199
 9 | r=4: 0.086 0.109 0.094 0.086 0.086 0.086 0.207 | r=8: 0.045 0.073 0.059 0.046 0.045 0.045 0.205 | r=16: 0.014 0.049 0.030 0.016 0.014 0.014 0.205
10 | r=4: 0.098 0.133 0.105 0.098 0.098 0.098 0.214 | r=8: 0.042 0.079 0.054 0.043 0.042 0.042 0.212 | r=16: 0.011 0.054 0.024 0.012 0.011 0.011 0.211
11 | r=4: 0.066 0.087 0.072 0.067 0.066 0.066 0.175 | r=8: 0.034 0.056 0.043 0.035 0.034 0.034 0.171 | r=16: 0.010 0.037 0.020 0.012 0.010 0.010 0.171
12 | r=4: 0.068 0.089 0.074 0.068 0.068 0.068 0.201 | r=8: 0.031 0.053 0.041 0.031 0.031 0.031 0.199 | r=16: 0.008 0.036 0.019 0.009 0.008 0.008 0.199
13 | r=4: 0.070 0.096 0.075 0.071 0.070 0.070 0.206 | r=8: 0.026 0.051 0.034 0.027 0.026 0.026 0.204 | r=16: 0.007 0.037 0.016 0.008 0.007 0.007 0.204
14 | r=4: 0.063 0.085 0.068 0.063 0.063 0.063 0.212 | r=8: 0.024 0.046 0.032 0.024 0.024 0.024 0.211 | r=16: 0.007 0.032 0.015 0.007 0.007 0.007 0.211
15 | r=4: 0.051 0.069 0.054 0.051 0.051 0.051 0.192 | r=8: 0.022 0.041 0.027 0.023 0.022 0.022 0.191 | r=16: 0.006 0.028 0.011 0.006 0.006 0.006 0.191

(e) modesS-dyn: eps per layer for (r, q) in [(4, 16), (8, 16), (8, 32), (16, 8), (16, 16), (16, 32), (32, 16)]; cost at n = 1024 ~ 2 r q / n units transport+readout
 1 | 0.000 0.000 0.000 0.000 0.000 0.000 0.000
 2 | 0.000 0.000 0.000 0.000 0.000 0.000 0.000
 3 | 0.000 0.000 0.000 0.000 0.000 0.000 0.000
 4 | 0.000 0.000 0.000 0.000 0.000 0.000 0.000
 5 | 0.056 0.037 0.036 0.028 0.019 0.016 0.008
 6 | 0.077 0.051 0.049 0.036 0.024 0.022 0.010
 7 | 0.097 0.064 0.062 0.043 0.029 0.026 0.010
 8 | 0.114 0.073 0.072 0.048 0.030 0.027 0.010
 9 | 0.116 0.075 0.074 0.048 0.030 0.026 0.010
10 | 0.129 0.071 0.069 0.047 0.028 0.025 0.009
11 | 0.108 0.064 0.063 0.044 0.025 0.024 0.008
12 | 0.131 0.075 0.074 0.048 0.025 0.023 0.008
13 | 0.132 0.070 0.069 0.045 0.023 0.021 0.007
14 | 0.118 0.063 0.062 0.042 0.022 0.020 0.007
15 | 0.133 0.066 0.065 0.043 0.020 0.019 0.006
