/root/atl/K64/mlp_00000.npz: width 64, depth 16, N = 600000, young window w = 4, no-AD sources

old share: ||D21(Old_l)|| / ||D21(z_l)||
1:0.000 2:0.000 3:0.000 4:0.000 5:0.140 6:0.279 7:0.269 8:0.297 9:0.355 10:0.383 11:0.323 12:0.264 13:0.318 14:0.316 15:0.479

(e) modesU (shared basis U, Tucker (r,q,q)): eps for (r, q) in [(8, 8), (16, 8), (8, 16), (16, 16), (32, 16), (16, 32), (32, 32)]; static | dynamic
 1 | 0.000 0.000 0.000 0.000 0.000 0.000 0.000 | 0.000 0.000 0.000 0.000 0.000 0.000 0.000
 2 | 0.000 0.000 0.000 0.000 0.000 0.000 0.000 | 0.000 0.000 0.000 0.000 0.000 0.000 0.000
 3 | 0.000 0.000 0.000 0.000 0.000 0.000 0.000 | 0.000 0.000 0.000 0.000 0.000 0.000 0.000
 4 | 0.000 0.000 0.000 0.000 0.000 0.000 0.000 | 0.000 0.000 0.000 0.000 0.000 0.000 0.000
 5 | 0.038 0.028 0.018 0.009 0.006 0.003 0.000 | 0.038 0.028 0.018 0.009 0.006 0.003 0.000
 6 | 0.040 0.030 0.018 0.009 0.006 0.003 0.000 | 0.047 0.037 0.024 0.012 0.008 0.004 0.000
 7 | 0.044 0.032 0.019 0.007 0.005 0.003 0.000 | 0.053 0.043 0.028 0.011 0.008 0.004 0.000
 8 | 0.043 0.032 0.019 0.009 0.006 0.003 0.000 | 0.058 0.046 0.030 0.012 0.009 0.005 0.000
 9 | 0.040 0.030 0.018 0.008 0.006 0.003 0.000 | 0.057 0.046 0.031 0.014 0.010 0.006 0.000
10 | 0.039 0.029 0.018 0.008 0.005 0.003 0.000 | 0.061 0.052 0.038 0.014 0.010 0.006 0.000
11 | 0.025 0.019 0.012 0.005 0.003 0.002 0.000 | 0.046 0.039 0.029 0.009 0.007 0.004 0.000
12 | 0.031 0.024 0.015 0.004 0.003 0.002 0.000 | 0.046 0.041 0.028 0.010 0.007 0.004 0.000
13 | 0.023 0.018 0.011 0.003 0.002 0.001 0.000 | 0.033 0.028 0.020 0.006 0.004 0.003 0.000
14 | 0.023 0.019 0.012 0.004 0.003 0.002 0.000 | 0.038 0.033 0.024 0.007 0.005 0.003 0.000
15 | 0.025 0.020 0.012 0.003 0.002 0.001 0.000 | 0.043 0.037 0.028 0.008 0.006 0.004 0.000
