/root/atl/A1/mlp_00000.npz [MODEL chain]: width 128, depth 16, N = 600000, young window w = 4, no-AD sources

old share: ||D21(Old_l)|| / ||D21(z_l)||
1:0.000 2:0.000 3:0.000 4:0.000 5:0.161 6:0.305 7:0.549 8:0.541 9:0.609 10:0.692 11:0.669 12:0.565 13:0.734 14:0.756 15:0.739

(e) modesU (shared basis U, Tucker (r,q,q)): eps for (r, q) in [(8, 16), (16, 16), (8, 32), (16, 32), (32, 32), (16, 64), (32, 64)]; static | dynamic
 1 | 0.000 0.000 0.000 0.000 0.000 0.000 0.000 | 0.000 0.000 0.000 0.000 0.000 0.000 0.000
 2 | 0.000 0.000 0.000 0.000 0.000 0.000 0.000 | 0.000 0.000 0.000 0.000 0.000 0.000 0.000
 3 | 0.000 0.000 0.000 0.000 0.000 0.000 0.000 | 0.000 0.000 0.000 0.000 0.000 0.000 0.000
 4 | 0.000 0.000 0.000 0.000 0.000 0.000 0.000 | 0.000 0.000 0.000 0.000 0.000 0.000 0.000
 5 | 0.055 0.047 0.044 0.025 0.016 0.021 0.006 | 0.055 0.047 0.044 0.025 0.016 0.021 0.006
 6 | 0.061 0.046 0.049 0.023 0.012 0.020 0.004 | 0.066 0.050 0.056 0.026 0.015 0.023 0.006
 7 | 0.073 0.054 0.059 0.025 0.013 0.022 0.004 | 0.089 0.064 0.077 0.034 0.017 0.031 0.007
 8 | 0.084 0.057 0.071 0.027 0.013 0.024 0.004 | 0.108 0.077 0.096 0.042 0.020 0.039 0.008
 9 | 0.063 0.043 0.052 0.019 0.009 0.017 0.003 | 0.102 0.066 0.094 0.036 0.017 0.034 0.007
10 | 0.056 0.038 0.047 0.016 0.007 0.015 0.002 | 0.091 0.058 0.085 0.032 0.015 0.031 0.006
11 | 0.047 0.030 0.041 0.013 0.006 0.012 0.002 | 0.080 0.048 0.075 0.026 0.012 0.025 0.005
12 | 0.042 0.028 0.035 0.012 0.005 0.012 0.002 | 0.077 0.049 0.071 0.027 0.011 0.026 0.004
13 | 0.046 0.029 0.040 0.013 0.005 0.012 0.002 | 0.087 0.051 0.081 0.028 0.012 0.027 0.004
14 | 0.064 0.042 0.054 0.018 0.007 0.017 0.003 | 0.113 0.064 0.104 0.034 0.013 0.034 0.005
15 | 0.072 0.050 0.061 0.022 0.010 0.021 0.003 | 0.119 0.075 0.107 0.040 0.015 0.039 0.006
