/root/atl/A1/mlp_00000.npz: width 128, depth 16, N = 600000, young window w = 4, no-AD sources

old share: ||D21(Old_l)|| / ||D21(z_l)||
1:0.000 2:0.000 3:0.000 4:0.000 5:0.105 6:0.241 7:0.437 8:0.540 9:0.585 10:0.650 11:0.679 12:0.616 13:0.689 14:0.792 15:0.743

(e) modesU (shared basis U, Tucker (r,q,q)): eps for (r, q) in [(8, 16), (16, 16), (8, 32), (16, 32), (32, 32), (16, 64), (32, 64)]; static | dynamic
 1 | 0.000 0.000 0.000 0.000 0.000 0.000 0.000 | 0.000 0.000 0.000 0.000 0.000 0.000 0.000
 2 | 0.000 0.000 0.000 0.000 0.000 0.000 0.000 | 0.000 0.000 0.000 0.000 0.000 0.000 0.000
 3 | 0.000 0.000 0.000 0.000 0.000 0.000 0.000 | 0.000 0.000 0.000 0.000 0.000 0.000 0.000
 4 | 0.000 0.000 0.000 0.000 0.000 0.000 0.000 | 0.000 0.000 0.000 0.000 0.000 0.000 0.000
 5 | 0.036 0.031 0.029 0.016 0.010 0.014 0.004 | 0.036 0.031 0.029 0.016 0.010 0.014 0.004
 6 | 0.038 0.028 0.031 0.014 0.007 0.012 0.003 | 0.042 0.031 0.036 0.016 0.009 0.015 0.003
 7 | 0.047 0.031 0.039 0.015 0.007 0.014 0.003 | 0.058 0.039 0.051 0.022 0.010 0.020 0.004
 8 | 0.059 0.034 0.051 0.017 0.007 0.015 0.002 | 0.081 0.048 0.074 0.029 0.012 0.027 0.005
 9 | 0.045 0.025 0.039 0.012 0.004 0.011 0.002 | 0.078 0.039 0.072 0.024 0.009 0.023 0.004
10 | 0.037 0.019 0.033 0.009 0.003 0.008 0.001 | 0.070 0.033 0.066 0.021 0.008 0.020 0.003
11 | 0.028 0.015 0.025 0.007 0.002 0.006 0.001 | 0.057 0.026 0.055 0.017 0.006 0.016 0.003
12 | 0.024 0.012 0.021 0.005 0.002 0.005 0.001 | 0.057 0.024 0.055 0.016 0.005 0.015 0.002
13 | 0.025 0.013 0.022 0.006 0.002 0.005 0.001 | 0.063 0.026 0.061 0.017 0.005 0.017 0.002
14 | 0.035 0.017 0.031 0.008 0.003 0.007 0.001 | 0.082 0.035 0.077 0.023 0.006 0.022 0.003
15 | 0.035 0.019 0.031 0.009 0.003 0.008 0.001 | 0.080 0.036 0.076 0.023 0.006 0.023 0.003
