/root/atl/A1/mlp_00000.npz [MODEL chain]: width 128, depth 16, N = 600000, young window w = 4, no-AD sources

old share: ||D21(Old_l)|| / ||D21(z_l)||
1:0.000 2:0.000 3:0.000 4:0.000 5:0.161 6:0.305 7:0.549 8:0.541 9:0.609 10:0.692 11:0.669 12:0.565 13:0.734 14:0.756 15:0.739

(e) modesS-dyn: eps per layer for (r, q) in [(4, 16), (8, 16), (8, 32), (16, 8), (16, 16), (16, 32), (32, 16)]; cost at n = 1024 ~ 2 r q / n units transport+readout
 1 | 0.000 0.000 0.000 0.000 0.000 0.000 0.000
 2 | 0.000 0.000 0.000 0.000 0.000 0.000 0.000
 3 | 0.000 0.000 0.000 0.000 0.000 0.000 0.000
 4 | 0.000 0.000 0.000 0.000 0.000 0.000 0.000
 5 | 0.067 0.045 0.042 0.036 0.026 0.021 0.012
 6 | 0.088 0.057 0.055 0.040 0.027 0.023 0.011
 7 | 0.127 0.077 0.076 0.055 0.036 0.031 0.014
 8 | 0.160 0.097 0.095 0.070 0.044 0.039 0.017
 9 | 0.142 0.095 0.094 0.059 0.038 0.034 0.014
10 | 0.137 0.085 0.084 0.053 0.033 0.031 0.012
11 | 0.125 0.074 0.075 0.042 0.027 0.025 0.010
12 | 0.117 0.072 0.072 0.043 0.028 0.026 0.009
13 | 0.131 0.081 0.082 0.048 0.029 0.027 0.009
14 | 0.179 0.105 0.104 0.060 0.037 0.034 0.011
15 | 0.171 0.107 0.107 0.068 0.043 0.039 0.013
