/root/atl/K256/mlp_00000.npz: width 256, depth 16, N = 200000
 l valid K3      D21 |  src-1 | age1  age2  age3  age4  age5  age6   old7+ |  old>1  old>4 | spec(old>1) r=1,2,4,8,16,32,64
 1  1.0e-05  1.4e-05 |  0.117 | 0.994   nan   nan   nan   nan   nan  0.000 |  0.000  0.000 |
 2  2.4e-05  2.2e-05 |  0.057 | 0.772 0.481   nan   nan   nan   nan  0.000 |  0.481  0.000 |
 3  4.4e-05  3.2e-05 |  0.032 | 0.576 0.491 0.286   nan   nan   nan  0.000 |  0.645  0.000 |
 4  5.8e-05  3.8e-05 |  0.020 | 0.501 0.395 0.345 0.194   nan   nan  0.000 |  0.702  0.000 |
 5  7.5e-05  4.7e-05 |  0.014 | 0.466 0.355 0.292 0.265 0.137   nan  0.000 |  0.751  0.137 |
 6  8.6e-05  5.4e-05 |  0.011 | 0.398 0.384 0.300 0.216 0.193 0.105  0.000 |  0.817  0.256 |
 7  9.8e-05  6.3e-05 |  0.008 | 0.390 0.297 0.296 0.224 0.160 0.167  0.079 |  0.809  0.319 |
 8  1.3e-04  8.1e-05 |  0.006 | 0.365 0.314 0.225 0.234 0.169 0.127  0.187 |  0.831  0.388 |
 9  1.2e-04  7.6e-05 |  0.005 | 0.379 0.315 0.265 0.170 0.198 0.140  0.216 |  0.835  0.440 |
10  1.4e-04  8.6e-05 |  0.004 | 0.260 0.329 0.239 0.210 0.137 0.166  0.295 |  0.932  0.489 |
11  1.6e-04  9.7e-05 |  0.003 | 0.248 0.215 0.276 0.199 0.164 0.109  0.372 |  0.912  0.549 |
12  1.7e-04  1.1e-04 |  0.002 | 0.206 0.170 0.168 0.233 0.162 0.135  0.417 |  0.921  0.631 |
13  1.9e-04  1.2e-04 |  0.002 | 0.182 0.179 0.169 0.136 0.185 0.153  0.482 |  0.944  0.735 |
14  1.9e-04  1.2e-04 |  0.002 | 0.167 0.178 0.168 0.173 0.119 0.172  0.543 |  0.981  0.693 |
15  2.0e-04  1.4e-04 |  0.001 | 0.142 0.140 0.149 0.141 0.132 0.100  0.650 |  0.950  0.771 |

unfolding spectra (energy captured by top r modes):  old = age>1 pool, inc = the age-1 source, ages 2/4/8 single sources
 l  what | r=1   r=2   r=4   r=8   r=16  r=32  r=64 
 1   inc | 0.031 0.059 0.113 0.205 0.351 0.555 0.784
 2   old | 0.053 0.100 0.181 0.307 0.483 0.705 0.899
 2   inc | 0.049 0.097 0.178 0.300 0.468 0.672 0.857
 3   old | 0.105 0.165 0.266 0.426 0.621 0.810 0.950
 3   inc | 0.069 0.130 0.224 0.369 0.548 0.736 0.891
 4   old | 0.173 0.249 0.368 0.525 0.711 0.872 0.970
 4   inc | 0.108 0.181 0.296 0.454 0.632 0.797 0.920
 5   old | 0.191 0.292 0.430 0.602 0.776 0.912 0.981
 5   inc | 0.127 0.207 0.343 0.506 0.674 0.825 0.934
 6   old | 0.201 0.341 0.500 0.665 0.819 0.930 0.985
 6   inc | 0.147 0.240 0.378 0.540 0.708 0.845 0.946
 7   old | 0.283 0.453 0.613 0.753 0.874 0.956 0.991
 7   inc | 0.194 0.307 0.451 0.618 0.757 0.877 0.960
 8   old | 0.280 0.463 0.629 0.766 0.887 0.960 0.993
 8   inc | 0.224 0.385 0.529 0.670 0.806 0.907 0.972
 9   old | 0.273 0.465 0.647 0.796 0.904 0.967 0.995
 9   inc | 0.209 0.346 0.537 0.676 0.809 0.913 0.975
10   old | 0.363 0.526 0.714 0.841 0.927 0.977 0.996
10   inc | 0.171 0.318 0.497 0.668 0.800 0.912 0.976
11   old | 0.466 0.637 0.767 0.885 0.951 0.985 0.998
11   inc | 0.196 0.331 0.517 0.687 0.826 0.926 0.982
12   old | 0.573 0.742 0.838 0.914 0.964 0.990 0.999
12   inc | 0.261 0.397 0.565 0.726 0.851 0.941 0.987
13   old | 0.683 0.777 0.861 0.927 0.974 0.993 0.999
13   inc | 0.257 0.400 0.580 0.723 0.847 0.934 0.984
14   old | 0.755 0.824 0.891 0.944 0.980 0.995 0.999
14   inc | 0.360 0.496 0.638 0.767 0.878 0.955 0.990
15   old | 0.777 0.843 0.906 0.953 0.984 0.996 1.000
15   inc | 0.371 0.493 0.654 0.766 0.879 0.955 0.991
