/root/atl/A1/mlp_00000.npz: width 128, depth 16, N = 600000
 l valid K3      D21 |  src-1 | age1  age2  age3  age4  age5  age6   old7+ |  old>1  old>4 | spec(old>1) r=1,2,4,8,16,32,64
 1  8.5e-07  1.1e-06 |  0.036 | 1.000   nan   nan   nan   nan   nan  0.000 |  0.000  0.000 |
 2  1.4e-06  1.6e-06 |  0.017 | 0.843 0.448   nan   nan   nan   nan  0.000 |  0.448  0.000 |
 3  2.6e-06  2.3e-06 |  0.009 | 0.717 0.447 0.226   nan   nan   nan  0.000 |  0.534  0.000 |
 4  5.2e-06  4.1e-06 |  0.005 | 0.483 0.458 0.287 0.139   nan   nan  0.000 |  0.702  0.000 |
 5  7.5e-06  5.7e-06 |  0.003 | 0.353 0.332 0.358 0.231 0.105   nan  0.000 |  0.816  0.105 |
 6  9.0e-06  6.7e-06 |  0.002 | 0.258 0.225 0.264 0.283 0.180 0.081  0.000 |  0.844  0.241 |
 7  1.0e-05  7.9e-06 |  0.001 | 0.232 0.249 0.206 0.212 0.258 0.149  0.069 |  0.915  0.437 |
 8  1.3e-05  8.8e-06 |  0.001 | 0.223 0.263 0.236 0.182 0.192 0.223  0.184 |  0.965  0.540 |
 9  1.1e-05  8.4e-06 |  0.001 | 0.211 0.144 0.202 0.179 0.139 0.150  0.354 |  0.905  0.585 |
10  9.5e-06  7.7e-06 |  0.001 | 0.234 0.181 0.121 0.174 0.154 0.118  0.429 |  0.877  0.650 |
11  9.2e-06  7.1e-06 |  0.001 | 0.175 0.175 0.169 0.083 0.151 0.113  0.464 |  0.902  0.679 |
12  8.6e-06  6.6e-06 |  0.000 | 0.168 0.154 0.143 0.140 0.070 0.121  0.520 |  0.911  0.616 |
13  9.1e-06  7.6e-06 |  0.000 | 0.125 0.159 0.138 0.136 0.134 0.057  0.577 |  0.950  0.689 |
14  1.2e-05  9.4e-06 |  0.000 | 0.109 0.134 0.144 0.145 0.136 0.134  0.606 |  0.974  0.792 |
15  1.1e-05  8.7e-06 |  0.000 | 0.172 0.103 0.131 0.159 0.121 0.119  0.615 |  0.926  0.743 |

unfolding spectra (energy captured by top r modes):  old = age>1 pool, inc = the age-1 source, ages 2/4/8 single sources
 l  what | r=1   r=2   r=4   r=8   r=16  r=32  r=64 
 1   inc | 0.067 0.124 0.223 0.379 0.582 0.805 0.961
 2   old | 0.097 0.177 0.316 0.519 0.731 0.910 0.992
 2   inc | 0.098 0.187 0.317 0.504 0.706 0.879 0.978
 3   old | 0.173 0.301 0.479 0.655 0.835 0.956 0.997
 3   inc | 0.163 0.276 0.451 0.617 0.787 0.918 0.987
 4   old | 0.373 0.472 0.611 0.778 0.905 0.977 0.999
 4   inc | 0.245 0.374 0.521 0.681 0.829 0.936 0.991
 5   old | 0.601 0.704 0.811 0.903 0.963 0.993 1.000
 5   inc | 0.220 0.407 0.561 0.737 0.869 0.960 0.996
 6   old | 0.793 0.850 0.905 0.957 0.986 0.998 1.000
 6   inc | 0.333 0.480 0.653 0.800 0.911 0.974 0.997
 7   old | 0.765 0.876 0.926 0.968 0.991 0.999 1.000
 7   inc | 0.350 0.542 0.704 0.828 0.930 0.982 0.999
 8   old | 0.733 0.845 0.917 0.964 0.991 0.999 1.000
 8   inc | 0.275 0.443 0.645 0.811 0.916 0.979 0.999
 9   old | 0.828 0.889 0.936 0.978 0.995 0.999 1.000
 9   inc | 0.549 0.667 0.785 0.883 0.955 0.988 0.999
10   old | 0.864 0.933 0.964 0.987 0.998 1.000 1.000
10   inc | 0.433 0.579 0.750 0.878 0.954 0.990 0.999
11   old | 0.877 0.932 0.969 0.988 0.998 1.000 1.000
11   inc | 0.501 0.693 0.808 0.907 0.967 0.994 1.000
12   old | 0.891 0.946 0.979 0.994 0.999 1.000 1.000
12   inc | 0.584 0.708 0.839 0.927 0.977 0.995 1.000
13   old | 0.908 0.964 0.985 0.995 0.999 1.000 1.000
13   inc | 0.466 0.674 0.856 0.936 0.978 0.996 1.000
14   old | 0.877 0.953 0.982 0.994 0.999 1.000 1.000
14   inc | 0.397 0.615 0.842 0.927 0.975 0.996 1.000
15   old | 0.893 0.954 0.982 0.994 0.999 1.000 1.000
15   inc | 0.633 0.783 0.892 0.956 0.987 0.998 1.000
