/root/atl/B1/mlp_00000.npz: width 128, depth 16, N = 600000
 l valid K3      D21 |  src-1 | age1  age2  age3  age4  age5  age6   old7+ |  old>1  old>4 | spec(old>1) r=1,2,4,8,16,32,64
 1  1.0e-06  1.2e-06 |  0.035 | 1.001   nan   nan   nan   nan   nan  0.000 |  0.000  0.000 |
 2  2.4e-06  2.7e-06 |  0.019 | 0.740 0.562   nan   nan   nan   nan  0.000 |  0.562  0.000 |
 3  3.9e-06  3.5e-06 |  0.009 | 0.670 0.393 0.289   nan   nan   nan  0.000 |  0.550  0.000 |
 4  5.7e-06  4.4e-06 |  0.006 | 0.657 0.437 0.298 0.175   nan   nan  0.000 |  0.684  0.000 |
 5  7.3e-06  5.6e-06 |  0.004 | 0.496 0.471 0.312 0.223 0.129   nan  0.000 |  0.765  0.129 |
 6  1.0e-05  7.7e-06 |  0.003 | 0.387 0.350 0.321 0.239 0.194 0.097  0.000 |  0.808  0.255 |
 7  9.8e-06  7.0e-06 |  0.002 | 0.350 0.358 0.250 0.293 0.201 0.172  0.073 |  0.911  0.388 |
 8  9.9e-06  7.0e-06 |  0.002 | 0.283 0.285 0.232 0.193 0.239 0.174  0.219 |  0.847  0.543 |
 9  9.2e-06  7.1e-06 |  0.001 | 0.263 0.257 0.219 0.226 0.148 0.183  0.309 |  0.849  0.511 |
10  8.0e-06  6.0e-06 |  0.001 | 0.249 0.317 0.170 0.178 0.204 0.133  0.414 |  0.875  0.528 |
11  7.9e-06  5.9e-06 |  0.001 | 0.189 0.255 0.228 0.173 0.130 0.159  0.437 |  0.933  0.500 |
12  7.3e-06  5.2e-06 |  0.001 | 0.181 0.154 0.235 0.236 0.135 0.129  0.555 |  0.964  0.597 |
13  6.7e-06  5.3e-06 |  0.001 | 0.167 0.147 0.153 0.197 0.266 0.115  0.469 |  0.985  0.761 |
14  7.1e-06  6.2e-06 |  0.001 | 0.165 0.130 0.128 0.138 0.165 0.259  0.538 |  0.935  0.876 |
15  6.5e-06  5.5e-06 |  0.001 | 0.175 0.189 0.129 0.117 0.113 0.150  0.666 |  0.933  0.829 |

unfolding spectra (energy captured by top r modes):  old = age>1 pool, inc = the age-1 source, ages 2/4/8 single sources
 l  what | r=1   r=2   r=4   r=8   r=16  r=32  r=64 
 1   inc | 0.068 0.122 0.214 0.362 0.572 0.802 0.961
 2   old | 0.096 0.185 0.315 0.502 0.725 0.909 0.993
 2   inc | 0.092 0.169 0.294 0.475 0.684 0.867 0.975
 3   old | 0.179 0.313 0.443 0.625 0.819 0.957 0.998
 3   inc | 0.157 0.303 0.438 0.603 0.775 0.914 0.986
 4   old | 0.335 0.437 0.600 0.782 0.913 0.982 0.999
 4   inc | 0.209 0.348 0.494 0.691 0.838 0.941 0.992
 5   old | 0.404 0.508 0.667 0.819 0.934 0.986 1.000
 5   inc | 0.266 0.384 0.569 0.729 0.861 0.954 0.994
 6   old | 0.562 0.636 0.757 0.876 0.954 0.992 1.000
 6   inc | 0.322 0.498 0.641 0.791 0.895 0.967 0.996
 7   old | 0.680 0.759 0.841 0.923 0.975 0.997 1.000
 7   inc | 0.282 0.473 0.663 0.807 0.914 0.976 0.998
 8   old | 0.708 0.789 0.876 0.942 0.984 0.998 1.000
 8   inc | 0.474 0.563 0.695 0.837 0.928 0.979 0.998
 9   old | 0.788 0.867 0.924 0.970 0.992 0.999 1.000
 9   inc | 0.487 0.615 0.715 0.852 0.942 0.985 0.999
10   old | 0.844 0.892 0.941 0.978 0.995 0.999 1.000
10   inc | 0.497 0.632 0.763 0.870 0.951 0.987 0.999
11   old | 0.885 0.921 0.962 0.985 0.996 1.000 1.000
11   inc | 0.392 0.572 0.744 0.877 0.953 0.990 0.999
12   old | 0.878 0.913 0.962 0.986 0.997 1.000 1.000
12   inc | 0.392 0.563 0.779 0.898 0.962 0.992 0.999
13   old | 0.885 0.932 0.976 0.991 0.998 1.000 1.000
13   inc | 0.422 0.606 0.800 0.909 0.969 0.994 1.000
14   old | 0.915 0.949 0.986 0.995 0.999 1.000 1.000
14   inc | 0.552 0.725 0.870 0.939 0.980 0.996 1.000
15   old | 0.924 0.963 0.987 0.996 0.999 1.000 1.000
15   inc | 0.600 0.738 0.877 0.957 0.986 0.997 1.000
