/root/atl/A2/mlp_00000.npz: width 128, depth 16, N = 600000
 l valid K3      D21 |  src-1 | age1  age2  age3  age4  age5  age6   old7+ |  old>1  old>4 | spec(old>1) r=1,2,4,8,16,32,64
 1  8.3e-07  1.1e-06 |  0.037 | 0.999   nan   nan   nan   nan   nan  0.000 |  0.000  0.000 |
 2  1.4e-06  1.6e-06 |  0.016 | 0.845 0.447   nan   nan   nan   nan  0.000 |  0.447  0.000 |
 3  2.7e-06  2.4e-06 |  0.009 | 0.718 0.449 0.226   nan   nan   nan  0.000 |  0.535  0.000 |
 4  5.4e-06  4.2e-06 |  0.005 | 0.484 0.458 0.289 0.139   nan   nan  0.000 |  0.702  0.000 |
 5  7.4e-06  5.7e-06 |  0.003 | 0.355 0.332 0.358 0.233 0.105   nan  0.000 |  0.816  0.105 |
 6  8.4e-06  6.9e-06 |  0.002 | 0.260 0.226 0.264 0.282 0.180 0.081  0.000 |  0.843  0.242 |
 7  9.8e-06  7.6e-06 |  0.002 | 0.233 0.250 0.207 0.213 0.258 0.148  0.069 |  0.914  0.435 |
 8  1.3e-05  9.4e-06 |  0.002 | 0.223 0.263 0.237 0.182 0.191 0.221  0.182 |  0.964  0.536 |
 9  1.1e-05  8.0e-06 |  0.002 | 0.211 0.144 0.202 0.180 0.140 0.149  0.351 |  0.904  0.582 |
10  8.9e-06  6.8e-06 |  0.001 | 0.233 0.182 0.121 0.173 0.156 0.119  0.425 |  0.878  0.649 |
11  8.8e-06  6.9e-06 |  0.001 | 0.176 0.174 0.170 0.082 0.151 0.114  0.463 |  0.901  0.678 |
12  7.8e-06  5.8e-06 |  0.001 | 0.168 0.154 0.143 0.142 0.070 0.120  0.518 |  0.910  0.613 |
13  8.3e-06  7.0e-06 |  0.001 | 0.124 0.159 0.138 0.135 0.135 0.057  0.576 |  0.949  0.689 |
14  1.1e-05  8.7e-06 |  0.001 | 0.109 0.134 0.144 0.146 0.135 0.135  0.605 |  0.973  0.790 |
15  1.0e-05  8.2e-06 |  0.001 | 0.172 0.104 0.131 0.159 0.121 0.119  0.614 |  0.926  0.741 |

unfolding spectra (energy captured by top r modes):  old = age>1 pool, inc = the age-1 source, ages 2/4/8 single sources
 l  what | r=1   r=2   r=4   r=8   r=16  r=32  r=64 
 1   inc | 0.067 0.124 0.224 0.379 0.582 0.805 0.961
 2   old | 0.097 0.177 0.316 0.520 0.731 0.910 0.992
 2   inc | 0.098 0.186 0.317 0.505 0.707 0.879 0.978
 3   old | 0.169 0.298 0.476 0.654 0.835 0.957 0.997
 3   inc | 0.161 0.274 0.449 0.616 0.786 0.918 0.987
 4   old | 0.369 0.467 0.608 0.776 0.905 0.977 0.999
 4   inc | 0.244 0.373 0.520 0.680 0.828 0.936 0.991
 5   old | 0.594 0.700 0.807 0.901 0.963 0.993 1.000
 5   inc | 0.221 0.407 0.559 0.736 0.869 0.960 0.996
 6   old | 0.788 0.847 0.903 0.956 0.986 0.998 1.000
 6   inc | 0.330 0.476 0.651 0.798 0.910 0.973 0.997
 7   old | 0.762 0.873 0.924 0.967 0.991 0.999 1.000
 7   inc | 0.346 0.537 0.700 0.826 0.930 0.981 0.999
 8   old | 0.732 0.843 0.916 0.964 0.991 0.999 1.000
 8   inc | 0.274 0.439 0.641 0.809 0.915 0.979 0.999
 9   old | 0.828 0.888 0.936 0.977 0.995 0.999 1.000
 9   inc | 0.548 0.667 0.784 0.882 0.954 0.988 0.999
10   old | 0.865 0.932 0.964 0.987 0.998 1.000 1.000
10   inc | 0.427 0.573 0.745 0.875 0.953 0.989 0.999
11   old | 0.877 0.930 0.968 0.988 0.998 1.000 1.000
11   inc | 0.499 0.692 0.806 0.906 0.966 0.994 1.000
12   old | 0.890 0.944 0.978 0.994 0.999 1.000 1.000
12   inc | 0.581 0.704 0.835 0.925 0.976 0.995 1.000
13   old | 0.908 0.964 0.984 0.995 0.999 1.000 1.000
13   inc | 0.463 0.669 0.852 0.933 0.977 0.996 1.000
14   old | 0.875 0.952 0.981 0.994 0.999 1.000 1.000
14   inc | 0.393 0.611 0.838 0.924 0.974 0.996 1.000
15   old | 0.893 0.953 0.982 0.994 0.999 1.000 1.000
15   inc | 0.631 0.780 0.890 0.955 0.986 0.998 1.000
