/root/atl/A1/mlp_00000.npz: width 128, depth 16, N = 600000
 l valid K3      D21 |  src-1 | age1  age2  age3  age4  age5  age6   old7+ |  old>1  old>4 | spec(old>1) r=1,2,4,8,16,32,64
 1  8.5e-07  1.1e-06 |  0.035 | 1.000   nan   nan   nan   nan   nan  0.000 |  0.000  0.000 |
 2  1.4e-06  1.6e-06 |  0.015 | 0.933 0.379   nan   nan   nan   nan  0.000 |  0.379  0.000 |
 3  2.6e-06  2.3e-06 |  0.008 | 0.921 0.327 0.179   nan   nan   nan  0.000 |  0.371  0.000 |
 4  5.1e-06  4.0e-06 |  0.004 | 0.903 0.298 0.185 0.101   nan   nan  0.000 |  0.374  0.000 |
 5  7.3e-06  5.6e-06 |  0.003 | 0.885 0.261 0.206 0.124 0.062   nan  0.000 |  0.407  0.062 |
 6  8.5e-06  6.4e-06 |  0.001 | 0.811 0.236 0.189 0.141 0.083 0.038  0.000 |  0.474  0.095 |
 7  9.9e-06  7.2e-06 |  0.001 | 0.921 0.252 0.187 0.149 0.111 0.068  0.029 |  0.513  0.166 |
 8  1.2e-05  8.2e-06 |  0.001 | 0.855 0.385 0.218 0.181 0.117 0.089  0.061 |  0.583  0.205 |
 9  1.0e-05  7.6e-06 |  0.001 | 0.771 0.242 0.262 0.156 0.124 0.091  0.115 |  0.560  0.271 |
10  8.6e-06  7.0e-06 |  0.001 | 0.862 0.247 0.175 0.191 0.118 0.088  0.140 |  0.512  0.271 |
11  8.4e-06  6.4e-06 |  0.000 | 0.795 0.254 0.203 0.131 0.164 0.091  0.174 |  0.569  0.319 |
12  7.7e-06  6.0e-06 |  0.000 | 0.752 0.244 0.197 0.148 0.103 0.125  0.175 |  0.596  0.274 |
13  8.0e-06  6.7e-06 |  0.000 | 0.759 0.276 0.199 0.167 0.138 0.082  0.201 |  0.550  0.317 |
14  1.1e-05  8.5e-06 |  0.000 | 0.860 0.285 0.304 0.205 0.167 0.128  0.236 |  0.631  0.392 |
15  9.8e-06  7.7e-06 |  0.000 | 0.888 0.276 0.250 0.247 0.190 0.140  0.314 |  0.633  0.461 |

unfolding spectra (energy captured by top r modes):  old = age>1 pool, inc = the age-1 source, ages 2/4/8 single sources
 l  what | r=1   r=2   r=4   r=8   r=16  r=32  r=64 
 1   inc | 0.067 0.124 0.223 0.379 0.582 0.805 0.961
 2   old | 0.091 0.168 0.300 0.494 0.705 0.891 0.987
 2   inc | 0.095 0.187 0.321 0.505 0.704 0.877 0.978
 3   old | 0.151 0.273 0.421 0.598 0.785 0.930 0.993
 3   inc | 0.166 0.288 0.452 0.611 0.779 0.912 0.986
 4   old | 0.289 0.388 0.522 0.690 0.829 0.937 0.993
 4   inc | 0.301 0.397 0.514 0.664 0.804 0.919 0.987
 5   old | 0.541 0.634 0.723 0.815 0.900 0.969 0.998
 5   inc | 0.298 0.402 0.524 0.674 0.816 0.936 0.994
 6   old | 0.721 0.771 0.819 0.884 0.943 0.984 1.000
 6   inc | 0.417 0.491 0.597 0.719 0.861 0.956 0.997
 7   old | 0.631 0.723 0.783 0.863 0.942 0.986 1.000
 7   inc | 0.436 0.539 0.636 0.764 0.889 0.970 0.998
 8   old | 0.639 0.738 0.800 0.870 0.940 0.986 1.000
 8   inc | 0.328 0.408 0.536 0.690 0.852 0.959 0.998
 9   old | 0.768 0.812 0.854 0.903 0.957 0.990 1.000
 9   inc | 0.438 0.529 0.637 0.765 0.883 0.968 0.998
10   old | 0.771 0.826 0.869 0.921 0.969 0.995 1.000
10   inc | 0.456 0.529 0.641 0.784 0.905 0.980 0.999
11   old | 0.792 0.836 0.873 0.920 0.965 0.993 1.000
11   inc | 0.458 0.531 0.622 0.764 0.893 0.976 0.999
12   old | 0.803 0.848 0.891 0.934 0.971 0.995 1.000
12   inc | 0.507 0.582 0.685 0.801 0.910 0.983 0.999
13   old | 0.845 0.890 0.919 0.953 0.979 0.996 1.000
13   inc | 0.486 0.558 0.670 0.805 0.916 0.983 1.000
14   old | 0.789 0.849 0.889 0.931 0.968 0.993 1.000
14   inc | 0.388 0.477 0.600 0.745 0.880 0.973 0.999
15   old | 0.787 0.834 0.890 0.941 0.972 0.994 1.000
15   inc | 0.439 0.549 0.677 0.809 0.913 0.982 0.999
