/root/atl/A1/mlp_00000.npz: width 128, depth 16, N = 600000
MODEL chain (first-order closure births, atlas slices): rel. error of its D21(z_l) vs the atlas's, per layer
1:0.055 2:0.253 3:0.341 4:0.428 5:0.438 6:0.448 7:0.475 8:0.479 9:0.459 10:0.474 11:0.471 12:0.506 13:0.511 14:0.517 15:0.524
 l valid K3      D21 |  src-1 | age1  age2  age3  age4  age5  age6   old7+ |  old>1  old>4 | spec(old>1) r=1,2,4,8,16,32,64
 1  3.6e-08  3.6e-08 |  0.000 | 1.000   nan   nan   nan   nan   nan  0.000 |  0.000  0.000 |
 2  4.0e-08  3.5e-08 |  0.000 | 0.891 0.490   nan   nan   nan   nan  0.000 |  0.490  0.000 |
 3  4.3e-08  3.6e-08 |  0.000 | 0.844 0.514 0.270   nan   nan   nan  0.000 |  0.583  0.000 |
 4  4.6e-08  3.6e-08 |  0.000 | 0.670 0.569 0.367 0.201   nan   nan  0.000 |  0.773  0.000 |
 5  4.8e-08  3.5e-08 |  0.000 | 0.610 0.448 0.461 0.287 0.161   nan  0.000 |  0.796  0.161 |
 6  4.5e-08  3.3e-08 |  0.000 | 0.424 0.394 0.318 0.383 0.221 0.136  0.000 |  0.872  0.305 |
 7  5.6e-08  3.8e-08 |  0.000 | 0.403 0.379 0.381 0.263 0.366 0.184  0.120 |  0.942  0.549 |
 8  6.7e-08  4.3e-08 |  0.000 | 0.466 0.401 0.389 0.366 0.257 0.276  0.237 |  0.934  0.541 |
 9  5.7e-08  3.7e-08 |  0.000 | 0.426 0.344 0.296 0.288 0.265 0.188  0.423 |  0.857  0.609 |
10  5.3e-08  3.9e-08 |  0.000 | 0.383 0.352 0.263 0.216 0.232 0.203  0.456 |  0.895  0.692 |
11  5.9e-08  3.9e-08 |  0.000 | 0.354 0.286 0.299 0.191 0.195 0.174  0.515 |  0.862  0.669 |
12  5.7e-08  3.8e-08 |  0.000 | 0.328 0.298 0.211 0.280 0.187 0.160  0.572 |  0.935  0.565 |
13  5.6e-08  3.9e-08 |  0.000 | 0.303 0.313 0.270 0.214 0.249 0.154  0.604 |  0.992  0.734 |
14  7.6e-08  4.6e-08 |  0.000 | 0.351 0.334 0.315 0.277 0.216 0.217  0.564 |  0.904  0.756 |
15  8.2e-08  4.9e-08 |  0.000 | 0.407 0.331 0.304 0.277 0.233 0.192  0.648 |  0.931  0.739 |

unfolding spectra (energy captured by top r modes):  old = age>1 pool, inc = the age-1 source, ages 2/4/8 single sources
 l  what | r=1   r=2   r=4   r=8   r=16  r=32  r=64 
 1   inc | 0.067 0.124 0.223 0.379 0.582 0.805 0.961
 2   old | 0.097 0.177 0.317 0.520 0.731 0.910 0.992
 2   inc | 0.099 0.181 0.306 0.491 0.696 0.872 0.977
 3   old | 0.161 0.288 0.456 0.638 0.825 0.952 0.997
 3   inc | 0.149 0.260 0.422 0.587 0.761 0.905 0.984
 4   old | 0.290 0.395 0.551 0.728 0.875 0.967 0.998
 4   inc | 0.202 0.327 0.469 0.625 0.786 0.909 0.984
 5   old | 0.476 0.603 0.726 0.847 0.933 0.985 0.999
 5   inc | 0.181 0.336 0.481 0.665 0.810 0.926 0.990
 6   old | 0.716 0.783 0.850 0.922 0.971 0.994 1.000
 6   inc | 0.220 0.352 0.521 0.683 0.824 0.934 0.992
 7   old | 0.681 0.811 0.874 0.937 0.976 0.995 1.000
 7   inc | 0.217 0.353 0.514 0.667 0.820 0.935 0.993
 8   old | 0.593 0.734 0.833 0.912 0.966 0.994 1.000
 8   inc | 0.190 0.311 0.476 0.650 0.803 0.929 0.994
 9   old | 0.710 0.789 0.861 0.935 0.976 0.996 1.000
 9   inc | 0.455 0.542 0.649 0.765 0.866 0.951 0.995
10   old | 0.815 0.887 0.928 0.964 0.990 0.998 1.000
10   inc | 0.280 0.423 0.577 0.733 0.863 0.953 0.996
11   old | 0.797 0.862 0.921 0.961 0.987 0.998 1.000
11   inc | 0.340 0.542 0.649 0.763 0.872 0.957 0.997
12   old | 0.820 0.903 0.947 0.974 0.990 0.998 1.000
12   inc | 0.290 0.439 0.593 0.741 0.864 0.954 0.996
13   old | 0.842 0.915 0.952 0.973 0.991 0.999 1.000
13   inc | 0.231 0.406 0.550 0.698 0.832 0.943 0.996
14   old | 0.740 0.860 0.914 0.953 0.982 0.997 1.000
14   inc | 0.175 0.337 0.485 0.624 0.776 0.920 0.995
15   old | 0.762 0.848 0.904 0.946 0.979 0.996 1.000
15   inc | 0.331 0.449 0.578 0.707 0.835 0.940 0.995
