net 0: homogeneity-corrected recursion (rows of M rescaled to sum 1)
  l | row sums r3 r4 | mixing a34 a43 | lambda2 | measured g3 g4 ratio | derived g3 g4 ratio | measured-M derived ratio
   1 | 1.084 1.091 | 1.000 0.000 | -0.000 | 0.00642 0.00319 0.498 | 0.00661 0.00319 0.483 | 0.483
   2 | 1.005 1.041 | 0.429 0.114 | 0.456 | 0.00952 0.00564 0.592 | 0.00955 0.00542 0.568 | 0.582
   3 | 0.973 1.019 | 0.206 0.138 | 0.656 | 0.01132 0.00742 0.656 | 0.01179 0.00719 0.610 | 0.642
   4 | 0.960 1.000 | 0.154 0.129 | 0.716 | 0.01272 0.00899 0.707 | 0.01380 0.00892 0.646 | 0.688
   5 | 0.947 0.980 | 0.094 0.127 | 0.779 | 0.01399 0.01048 0.749 | 0.01578 0.01039 0.659 | 0.705
   6 | 0.937 0.978 | 0.084 0.138 | 0.779 | 0.01559 0.01162 0.746 | 0.01819 0.01171 0.644 | 0.693
   7 | 0.937 0.950 | 0.058 0.123 | 0.819 | 0.01704 0.01281 0.752 | 0.02053 0.01295 0.631 | 0.664
   8 | 0.944 0.912 | 0.051 0.058 | 0.892 | 0.01755 0.01457 0.830 | 0.02219 0.01445 0.652 | 0.655
   9 | 0.949 0.934 | 0.050 0.105 | 0.845 | 0.01909 0.01585 0.830 | 0.02460 0.01545 0.628 | 0.605
  10 | 0.926 0.910 | 0.027 0.093 | 0.880 | 0.01967 0.01656 0.842 | 0.02635 0.01635 0.620 | 0.577
  11 | 0.921 0.892 | 0.030 0.081 | 0.889 | 0.02076 0.01770 0.852 | 0.02830 0.01727 0.610 | 0.539
  12 | 0.928 0.865 | 0.028 0.049 | 0.923 | 0.02147 0.01956 0.911 | 0.02994 0.01804 0.603 | 0.492
  13 | 0.920 0.862 | 0.021 0.073 | 0.907 | 0.02198 0.02074 0.944 | 0.03166 0.01851 0.585 | 0.435
  14 | 0.916 0.855 | 0.015 0.072 | 0.912 | 0.02231 0.02147 0.962 | 0.03309 0.01899 0.574 | 0.390
  15 | 0.933 0.834 | 0.010 0.020 | 0.971 | 0.02232 0.02278 1.020 | 0.03427 0.01923 0.561 | 0.337
