net 1: homogeneity-corrected recursion (rows of M rescaled to sum 1)
  l | row sums r3 r4 | mixing a34 a43 | lambda2 | measured g3 g4 ratio | derived g3 g4 ratio | measured-M derived ratio
   1 | 1.085 1.089 | 1.000 0.000 | 0.000 | 0.00673 0.00308 0.457 | 0.00643 0.00313 0.486 | 0.486
   2 | 0.999 1.038 | 0.381 0.119 | 0.499 | 0.00864 0.00520 0.602 | 0.00881 0.00505 0.574 | 0.589
   3 | 0.969 1.015 | 0.230 0.156 | 0.615 | 0.01083 0.00671 0.619 | 0.01153 0.00673 0.584 | 0.613
   4 | 0.956 0.998 | 0.158 0.138 | 0.705 | 0.01220 0.00863 0.707 | 0.01344 0.00844 0.628 | 0.668
   5 | 0.960 0.982 | 0.111 0.124 | 0.765 | 0.01376 0.00998 0.725 | 0.01562 0.00999 0.639 | 0.676
   6 | 0.943 0.958 | 0.079 0.111 | 0.810 | 0.01482 0.01168 0.788 | 0.01757 0.01145 0.652 | 0.683
   7 | 0.935 0.933 | 0.053 0.093 | 0.854 | 0.01635 0.01298 0.793 | 0.01942 0.01262 0.650 | 0.666
   8 | 0.940 0.915 | 0.046 0.078 | 0.876 | 0.01716 0.01401 0.816 | 0.02100 0.01356 0.646 | 0.633
   9 | 0.931 0.905 | 0.035 0.081 | 0.883 | 0.01747 0.01489 0.852 | 0.02253 0.01445 0.642 | 0.602
  10 | 0.936 0.900 | 0.027 0.069 | 0.905 | 0.01879 0.01595 0.849 | 0.02428 0.01527 0.629 | 0.561
  11 | 0.932 0.875 | 0.032 0.060 | 0.908 | 0.01975 0.01730 0.876 | 0.02609 0.01595 0.611 | 0.505
  12 | 0.908 0.859 | 0.018 0.061 | 0.921 | 0.01974 0.01798 0.911 | 0.02746 0.01648 0.600 | 0.463
  13 | 0.948 0.846 | 0.015 0.032 | 0.953 | 0.02007 0.01829 0.911 | 0.02874 0.01678 0.584 | 0.397
  14 | 0.921 0.834 | 0.016 0.021 | 0.963 | 0.02005 0.02014 1.004 | 0.02993 0.01699 0.568 | 0.345
  15 | 0.887 0.751 | 0.012 -0.004 | 0.992 | 0.01999 0.02097 1.049 | 0.03092 0.01692 0.547 | 0.272
