net 0: implied g per kappa4 slice of the pre-activation (MC, T = 400000); last column: chain table LAM[l]*0.95 for the (3,1) slice, and E10's g_l
 l | g from k4 diag (R^2) | g from K22 off (R^2) | g from K31 off vs 3 d(var) C (R^2) | K31 off vs C: coef (R^2) | mean var | 3 g var | LAM*0.95 | g_l E10
  1 | +0.0032 (0.58) | +0.0032 (0.50) | +0.0033 (0.01) | +0.0137 (0.01) | 1.361 | 0.0136 | 0.0077 | 0.0064
  2 | +0.0056 (0.81) | +0.0056 (0.75) | +0.0052 (0.03) | +0.0159 (0.03) | 1.017 | 0.0158 | 0.0093 | 0.0095
  3 | +0.0074 (0.88) | +0.0074 (0.83) | +0.0065 (0.07) | +0.0158 (0.07) | 0.799 | 0.0156 | 0.0100 | 0.0113
  4 | +0.0090 (0.90) | +0.0091 (0.87) | +0.0077 (0.11) | +0.0149 (0.11) | 0.636 | 0.0147 | 0.0103 | 0.0127
  5 | +0.0105 (0.92) | +0.0106 (0.90) | +0.0089 (0.15) | +0.0143 (0.15) | 0.526 | 0.0141 | 0.0103 | 0.0140
  6 | +0.0116 (0.93) | +0.0119 (0.91) | +0.0099 (0.19) | +0.0135 (0.19) | 0.445 | 0.0132 | 0.0101 | 0.0156
  7 | +0.0128 (0.93) | +0.0131 (0.91) | +0.0109 (0.23) | +0.0130 (0.23) | 0.387 | 0.0127 | 0.0095 | 0.0170
  8 | +0.0146 (0.93) | +0.0150 (0.92) | +0.0126 (0.28) | +0.0119 (0.28) | 0.303 | 0.0115 | 0.0092 | 0.0176
  9 | +0.0159 (0.93) | +0.0162 (0.93) | +0.0141 (0.32) | +0.0115 (0.32) | 0.264 | 0.0111 | 0.0087 | 0.0191
 10 | +0.0166 (0.93) | +0.0171 (0.92) | +0.0150 (0.35) | +0.0116 (0.34) | 0.249 | 0.0112 | 0.0083 | 0.0197
 11 | +0.0177 (0.93) | +0.0183 (0.92) | +0.0169 (0.40) | +0.0122 (0.39) | 0.230 | 0.0116 | 0.0080 | 0.0208
 12 | +0.0196 (0.93) | +0.0202 (0.92) | +0.0200 (0.49) | +0.0128 (0.46) | 0.203 | 0.0122 | 0.0077 | 0.0215
 13 | +0.0207 (0.92) | +0.0213 (0.92) | +0.0220 (0.53) | +0.0135 (0.50) | 0.192 | 0.0127 | 0.0073 | 0.0220
 14 | +0.0215 (0.93) | +0.0220 (0.91) | +0.0226 (0.55) | +0.0134 (0.51) | 0.183 | 0.0124 | 0.0069 | 0.0223
 15 | +0.0228 (0.92) | +0.0233 (0.91) | +0.0247 (0.60) | +0.0134 (0.55) | 0.166 | 0.0123 | 0.0069 | 0.0223
