net 1: implied g per kappa4 slice of the pre-activation (MC, T = 400000); last column: chain table LAM[l]*0.95 for the (3,1) slice, and E10's g_l
 l | g from k4 diag (R^2) | g from K22 off (R^2) | g from K31 off vs 3 d(var) C (R^2) | K31 off vs C: coef (R^2) | mean var | 3 g var | LAM*0.95 | g_l E10
  1 | +0.0031 (0.59) | +0.0032 (0.49) | +0.0032 (0.01) | +0.0132 (0.01) | 1.368 | 0.0132 | 0.0077 | 0.0067
  2 | +0.0052 (0.81) | +0.0051 (0.71) | +0.0047 (0.03) | +0.0144 (0.03) | 1.025 | 0.0143 | 0.0093 | 0.0086
  3 | +0.0067 (0.85) | +0.0068 (0.80) | +0.0057 (0.05) | +0.0143 (0.05) | 0.822 | 0.0141 | 0.0100 | 0.0108
  4 | +0.0086 (0.90) | +0.0086 (0.86) | +0.0072 (0.10) | +0.0146 (0.10) | 0.666 | 0.0144 | 0.0103 | 0.0122
  5 | +0.0100 (0.92) | +0.0100 (0.88) | +0.0084 (0.14) | +0.0140 (0.14) | 0.545 | 0.0137 | 0.0103 | 0.0138
  6 | +0.0117 (0.93) | +0.0118 (0.90) | +0.0099 (0.20) | +0.0135 (0.20) | 0.442 | 0.0132 | 0.0101 | 0.0148
  7 | +0.0130 (0.94) | +0.0131 (0.91) | +0.0110 (0.24) | +0.0128 (0.24) | 0.377 | 0.0124 | 0.0095 | 0.0164
  8 | +0.0140 (0.94) | +0.0142 (0.92) | +0.0119 (0.27) | +0.0121 (0.27) | 0.329 | 0.0118 | 0.0092 | 0.0172
  9 | +0.0149 (0.93) | +0.0153 (0.92) | +0.0128 (0.30) | +0.0117 (0.30) | 0.293 | 0.0112 | 0.0087 | 0.0175
 10 | +0.0159 (0.93) | +0.0163 (0.92) | +0.0139 (0.33) | +0.0112 (0.32) | 0.258 | 0.0107 | 0.0083 | 0.0188
 11 | +0.0173 (0.92) | +0.0176 (0.91) | +0.0161 (0.38) | +0.0119 (0.36) | 0.238 | 0.0115 | 0.0080 | 0.0197
 12 | +0.0180 (0.92) | +0.0184 (0.91) | +0.0174 (0.41) | +0.0125 (0.39) | 0.228 | 0.0119 | 0.0077 | 0.0197
 13 | +0.0183 (0.91) | +0.0191 (0.90) | +0.0176 (0.41) | +0.0119 (0.39) | 0.213 | 0.0112 | 0.0073 | 0.0201
 14 | +0.0201 (0.92) | +0.0210 (0.90) | +0.0210 (0.50) | +0.0135 (0.46) | 0.201 | 0.0127 | 0.0069 | 0.0201
 15 | +0.0210 (0.91) | +0.0219 (0.89) | +0.0219 (0.54) | +0.0131 (0.49) | 0.182 | 0.0120 | 0.0069 | 0.0200
