r2 77.6s
r99 223.6s
layer  MC@B         closure           r2          r99   noise
  1  1.04e-05     3.76e-08     3.76e-08     3.76e-08  4.3e-08
  2  7.45e-06     1.87e-06     3.24e-08     3.24e-08  3.1e-08
  3  6.26e-06     6.74e-06     2.26e-07     2.26e-07  2.6e-08
  4  4.87e-06     1.19e-05     7.33e-07     7.33e-07  2.0e-08
  5  4.10e-06     2.07e-05     2.09e-06     1.67e-06  1.7e-08
  6  3.34e-06     2.63e-05     3.38e-06     2.29e-06  1.4e-08
  7  2.83e-06     2.90e-05     5.11e-06     3.18e-06  1.2e-08
  8  2.64e-06     4.20e-05     9.00e-06     4.34e-06  1.1e-08
  9  2.25e-06     4.33e-05     1.20e-05     4.87e-06  9.2e-09
 10  2.25e-06     4.74e-05     1.71e-05     5.89e-06  9.2e-09
 11  2.26e-06     5.89e-05     2.26e-05     7.38e-06  9.3e-09
 12  2.14e-06     5.88e-05     2.33e-05     7.21e-06  8.8e-09
 13  1.84e-06     4.76e-05     2.00e-05     5.95e-06  7.5e-09
 14  1.69e-06     5.60e-05     2.17e-05     6.75e-06  6.9e-09
 15  1.46e-06     5.38e-05     2.30e-05     6.48e-06  6.0e-09
 16  1.39e-06     6.29e-05     2.75e-05     7.45e-06  5.7e-09
last cfg final layer: mean err +1.51e-03, rms 2.73e-03, rms after removing mean 2.27e-03
