r4 340.7s
layer  MC@B         closure           r4   noise
  1  1.04e-05     1.77e-07     1.77e-07  1.7e-07
  2  7.99e-06     7.42e-07     1.46e-07  1.3e-07
  3  6.43e-06     2.00e-06     1.47e-07  1.1e-07
  4  5.20e-06     3.32e-06     2.27e-07  8.5e-08
  5  4.18e-06     4.54e-06     2.91e-07  6.9e-08
  6  3.51e-06     5.36e-06     3.64e-07  5.8e-08
  7  3.04e-06     7.16e-06     5.29e-07  5.0e-08
  8  2.57e-06     7.75e-06     6.66e-07  4.2e-08
  9  2.29e-06     8.62e-06     8.10e-07  3.8e-08
 10  2.12e-06     9.30e-06     1.00e-06  3.5e-08
 11  1.86e-06     1.09e-05     1.27e-06  3.0e-08
 12  1.70e-06     1.09e-05     1.66e-06  2.8e-08
 13  1.59e-06     1.14e-05     1.85e-06  2.6e-08
 14  1.44e-06     1.27e-05     1.79e-06  2.4e-08
 15  1.36e-06     1.46e-05     2.54e-06  2.2e-08
 16  1.25e-06     1.61e-05     2.98e-06  2.0e-08
last cfg final layer: mean err +9.27e-04, rms 1.73e-03, rms after removing mean 1.46e-03
