r4 57.2s
r4+G1 48.9s
layer  MC@B         closure           r4        r4+G1   noise
  1  1.04e-05     3.76e-08     3.76e-08     3.76e-08  4.3e-08
  2  7.45e-06     1.87e-06     3.24e-08     3.24e-08  3.1e-08
  3  6.26e-06     6.74e-06     2.26e-07     1.08e-07  2.6e-08
  4  4.87e-06     1.19e-05     7.33e-07     5.70e-07  2.0e-08
  5  4.10e-06     2.07e-05     1.67e-06     1.50e-06  1.7e-08
  6  3.34e-06     2.63e-05     2.29e-06     2.16e-06  1.4e-08
  7  2.83e-06     2.90e-05     3.45e-06     3.45e-06  1.2e-08
  8  2.64e-06     4.20e-05     4.92e-06     4.86e-06  1.1e-08
last cfg final layer: mean err +1.52e-03, rms 2.21e-03, rms after removing mean 1.60e-03
