
st1024_n32k_201.npz: width 1024, N = 32768  (single replica, within-sample eps)
 l      memless         wick        herm2        herm3 closure_noK4      closure  closure_reg          fit      fit_reg  fit coefficients B0..B6
 0       0.8840       0.6797       0.6797       0.6797       0.6794       0.4169       0.6794       0.4169       0.6794  +0.00 +2.90 +17.12 +19.47 +0.85 +13.28 +1.50
 1       0.8334       0.5332       0.5332       0.5332       0.5330       0.3146       0.5329       0.3146       0.5327  -0.00 +3.02 +3.13 -0.02 +1.43 +1.27 +1.49
 2       0.7586       0.4164       0.4164       0.4164       0.4160       0.2398       0.4159       0.2397       0.4156  -0.00 +3.09 +2.94 +0.46 +0.80 +1.35 +1.48
 3       0.6781       0.3215       0.3215       0.3215       0.3209       0.1815       0.3206       0.1814       0.3203  -0.00 +2.90 +2.96 +0.25 +0.93 +1.43 +1.47
 4       0.6241       0.2559       0.2559       0.2559       0.2549       0.1416       0.2545       0.1415       0.2543  -0.00 +2.93 +2.95 +0.24 +1.01 +1.35 +1.46
 5       0.5919       0.2140       0.2140       0.2140       0.2126       0.1167       0.2121       0.1165       0.2118  -0.00 +3.03 +2.99 +0.23 +0.92 +1.33 +1.45
 6       0.5571       0.1848       0.1848       0.1848       0.1828       0.1006       0.1822       0.1004       0.1821  -0.00 +3.13 +2.99 +0.27 +1.00 +1.50 +1.45
 7       0.5440       0.1554       0.1554       0.1554       0.1530       0.0835       0.1524       0.0832       0.1521  -0.00 +3.00 +2.99 +0.17 +0.93 +1.30 +1.44
 8       0.5316       0.1455       0.1454       0.1455       0.1425       0.0776       0.1418       0.0773       0.1416  -0.00 +3.13 +2.91 +0.18 +0.97 +1.30 +1.44
 9       0.5103       0.1268       0.1268       0.1269       0.1238       0.0664       0.1227       0.0662       0.1225  -0.00 +2.94 +2.95 +0.27 +0.92 +1.25 +1.43
10       0.5046       0.1140       0.1140       0.1140       0.1099       0.0584       0.1086       0.0581       0.1085  -0.00 +3.00 +2.93 +0.32 +0.95 +1.38 +1.42
11       0.4867       0.1016       0.1015       0.1016       0.0971       0.0513       0.0955       0.0510       0.0953  -0.00 +3.01 +2.95 +0.25 +0.89 +1.27 +1.43
12       0.4834       0.0940       0.0940       0.0940       0.0896       0.0467       0.0879       0.0463       0.0877  -0.00 +3.05 +2.92 +0.28 +0.84 +1.29 +1.41
13       0.4826       0.0878       0.0878       0.0878       0.0833       0.0430       0.0814       0.0426       0.0811  -0.00 +3.00 +2.89 +0.18 +0.87 +1.26 +1.40
14       0.4887       0.0843       0.0843       0.0843       0.0789       0.0400       0.0769       0.0397       0.0767  -0.00 +3.01 +2.91 +0.29 +0.85 +1.30 +1.42

pair st1024_n32k_201.npz | st1024_n32k_202.npz: noise-corrected eps of D21(l+1)
  _xc = model from A vs target B, target noise subtracted (oracle_k3 --pair convention)
  _cp = replica cross-product <M_A-D_A, M_B-D_B>/<D_A,D_B> (model and target noise removed)
 l  noise    B0n    B6n |     memless        wick       herm2       herm3 closure_noK     closure closure_reg         fit     fit_reg | xc:     memless        wick       herm2       herm3 closure_noK     closure closure_reg         fit     fit_reg
 0 0.8791 0.5484 0.3570 |      0.2861      0.0289      0.0327      0.0324      0.0319     -0.0038      0.0317     -0.0156      0.0273 | xc:      0.1819      0.5620      0.5620      0.5620      0.5623      0.7750      0.5623      0.7752      0.5618  coefA +0.00 +2.90 +17.12 +19.47 +0.85 +13.28 +1.50
 1 0.7825 0.5630 0.2892 |      0.4795     -0.0353     -0.0336     -0.0337     -0.0370      0.0110     -0.0379      0.0063     -0.0394 | xc:      0.3103      0.5711      0.5711      0.5711      0.5708      0.7185      0.5707      0.7158      0.5723  coefA -0.00 +3.02 +3.13 -0.02 +1.43 +1.27 +1.49
 2 0.6763 0.5240 0.2298 |      0.4837      0.0365      0.0342      0.0345      0.0305     -0.0109      0.0275     -0.0068      0.0307 | xc:      0.3678      0.5333      0.5333      0.5333      0.5325      0.6361      0.5324      0.6325      0.5340  coefA -0.00 +3.09 +2.94 +0.46 +0.80 +1.35 +1.48
 3 0.5716 0.4629 0.1820 |      0.4730      0.0356      0.0356      0.0359      0.0291      0.0086      0.0258      0.0083      0.0265 | xc:      0.3998      0.4698      0.4698      0.4699      0.4685      0.5457      0.4683      0.5418      0.4707  coefA -0.00 +2.90 +2.96 +0.25 +0.93 +1.43 +1.47
 4 0.4938 0.4126 0.1479 |      0.4656      0.0331      0.0338      0.0339      0.0243     -0.0011      0.0192     -0.0046      0.0194 | xc:      0.4159      0.4206      0.4206      0.4206      0.4190      0.4772      0.4189      0.4731      0.4207  coefA -0.00 +2.93 +2.95 +0.24 +1.01 +1.35 +1.46
 5 0.4352 0.3724 0.1228 |      0.4629      0.0405      0.0407      0.0409      0.0324      0.0089      0.0288      0.0083      0.0291 | xc:      0.4267      0.3809      0.3809      0.3809      0.3790      0.4232      0.3787      0.4193      0.3798  coefA -0.00 +3.03 +2.99 +0.23 +0.92 +1.33 +1.45
 6 0.3818 0.3290 0.1056 |      0.4508      0.0404      0.0403      0.0402      0.0288      0.0085      0.0252      0.0078      0.0263 | xc:      0.4227      0.3369      0.3369      0.3369      0.3347      0.3721      0.3344      0.3690      0.3356  coefA -0.00 +3.13 +2.99 +0.27 +1.00 +1.50 +1.45
 7 0.3450 0.3041 0.0882 |      0.4568      0.0396      0.0397      0.0398      0.0285      0.0082      0.0248      0.0075      0.0252 | xc:      0.4345      0.3125      0.3125      0.3125      0.3099      0.3383      0.3097      0.3354      0.3106  coefA -0.00 +3.00 +2.99 +0.17 +0.93 +1.30 +1.44
 8 0.3163 0.2768 0.0817 |      0.4566      0.0425      0.0425      0.0425      0.0304      0.0081      0.0270      0.0074      0.0273 | xc:      0.4366      0.2858      0.2858      0.2858      0.2825      0.3100      0.2824      0.3074      0.2838  coefA -0.00 +3.13 +2.91 +0.18 +0.97 +1.30 +1.44
 9 0.2821 0.2485 0.0716 |      0.4515      0.0421      0.0423      0.0423      0.0299      0.0098      0.0254      0.0089      0.0259 | xc:      0.4385      0.2577      0.2577      0.2576      0.2538      0.2772      0.2535      0.2747      0.2547  coefA -0.00 +2.94 +2.95 +0.27 +0.92 +1.25 +1.43
10 0.2631 0.2349 0.0636 |      0.4540      0.0433      0.0437      0.0436      0.0307      0.0094      0.0265      0.0085      0.0268 | xc:      0.4419      0.2446      0.2446      0.2446      0.2410      0.2594      0.2406      0.2572      0.2412  coefA -0.00 +3.00 +2.93 +0.32 +0.95 +1.38 +1.42
11 0.2351 0.2110 0.0551 |      0.4429      0.0428      0.0430      0.0431      0.0296      0.0082      0.0246      0.0072      0.0245 | xc:      0.4328      0.2208      0.2208      0.2209      0.2170      0.2321      0.2165      0.2302      0.2170  coefA -0.00 +3.01 +2.95 +0.25 +0.89 +1.27 +1.43
12 0.2210 0.1985 0.0507 |      0.4446      0.0434      0.0437      0.0436      0.0310      0.0093      0.0265      0.0082      0.0265 | xc:      0.4349      0.2083      0.2083      0.2082      0.2036      0.2188      0.2034      0.2166      0.2041  coefA -0.00 +3.05 +2.92 +0.28 +0.84 +1.29 +1.41
13 0.2116 0.1910 0.0471 |      0.4470      0.0429      0.0431      0.0431      0.0311      0.0094      0.0259      0.0081      0.0258 | xc:      0.4382      0.2018      0.2018      0.2018      0.1974      0.2097      0.1967      0.2081      0.1977  coefA -0.00 +3.00 +2.89 +0.18 +0.87 +1.26 +1.40
14 0.2025 0.1834 0.0439 |      0.4589      0.0446      0.0451      0.0450      0.0317      0.0089      0.0268      0.0078      0.0267 | xc:      0.4524      0.1942      0.1942      0.1941      0.1893      0.2010      0.1890      0.1996      0.1898  coefA -0.00 +3.01 +2.91 +0.29 +0.85 +1.30 +1.42

cross-product eps^2 x 1e4 +- jackknife standard error (32 column blocks)
 0  818.5+- 30.6    8.4+- 19.7   10.7+- 19.3   10.5+- 19.3   10.2+- 19.5   -0.1+-  7.1   10.1+- 19.5   -2.4+-  7.1    7.5+- 19.8
 1 2299.0+- 52.1  -12.5+-  7.5  -11.3+-  7.5  -11.4+-  7.5  -13.7+-  7.6    1.2+-  2.4  -14.3+-  7.6    0.4+-  2.4  -15.5+-  7.7
 2 2339.5+- 58.5   13.3+-  3.1   11.7+-  3.0   11.9+-  3.0    9.3+-  3.0   -1.2+-  1.0    7.6+-  3.0   -0.5+-  1.0    9.5+-  3.1
 3 2237.3+- 67.5   12.7+-  1.4   12.7+-  1.5   12.9+-  1.5    8.4+-  1.4    0.7+-  0.5    6.7+-  1.4    0.7+-  0.5    7.0+-  1.3
 4 2168.3+- 79.9   10.9+-  1.0   11.4+-  1.1   11.5+-  1.1    5.9+-  0.9   -0.0+-  0.3    3.7+-  0.9   -0.2+-  0.2    3.8+-  0.9
 5 2142.7+- 75.2   16.4+-  0.8   16.6+-  0.8   16.8+-  0.8   10.5+-  0.7    0.8+-  0.1    8.3+-  0.6    0.7+-  0.1    8.5+-  0.6
 6 2031.9+- 56.3   16.3+-  0.6   16.2+-  0.6   16.2+-  0.6    8.3+-  0.5    0.7+-  0.1    6.4+-  0.4    0.6+-  0.1    6.9+-  0.4
 7 2086.3+- 69.6   15.7+-  0.5   15.7+-  0.6   15.8+-  0.6    8.1+-  0.4    0.7+-  0.1    6.2+-  0.4    0.6+-  0.1    6.4+-  0.4
 8 2084.4+- 59.4   18.0+-  0.5   18.1+-  0.5   18.1+-  0.6    9.3+-  0.4    0.7+-  0.1    7.3+-  0.3    0.6+-  0.1    7.4+-  0.3
 9 2038.4+- 69.6   17.7+-  0.6   17.9+-  0.7   17.9+-  0.7    8.9+-  0.4    1.0+-  0.1    6.5+-  0.3    0.8+-  0.1    6.7+-  0.3
10 2061.5+- 70.6   18.8+-  0.6   19.1+-  0.6   19.0+-  0.6    9.4+-  0.3    0.9+-  0.0    7.0+-  0.3    0.7+-  0.0    7.2+-  0.3
11 1961.3+- 78.5   18.3+-  0.6   18.5+-  0.7   18.6+-  0.7    8.8+-  0.3    0.7+-  0.0    6.0+-  0.2    0.5+-  0.0    6.0+-  0.2
12 1976.6+- 52.9   18.8+-  0.5   19.1+-  0.5   19.1+-  0.5    9.6+-  0.3    0.9+-  0.0    7.0+-  0.2    0.7+-  0.0    7.0+-  0.2
13 1997.7+- 43.1   18.4+-  0.4   18.6+-  0.4   18.6+-  0.4    9.6+-  0.2    0.9+-  0.0    6.7+-  0.2    0.7+-  0.0    6.7+-  0.2
14 2105.4+- 53.3   19.9+-  0.5   20.3+-  0.5   20.3+-  0.5   10.0+-  0.3    0.8+-  0.0    7.2+-  0.2    0.6+-  0.0    7.1+-  0.2

replica noise of the model error delta = M - D, ||delta_A - delta_B|| / (sqrt2 ||D||), per column
 0      1.8432      1.4314      1.4330      1.4330      1.4325      0.8819      1.4325      0.8792      1.4309
 1      1.2473      0.8562      0.8578      0.8578      0.8575      0.5076      0.8575      0.5048      0.8557
 2      0.9094      0.5643      0.5663      0.5663      0.5659      0.3287      0.5659      0.3254      0.5635
 3      0.6813      0.3913      0.3930      0.3930      0.3928      0.2246      0.3927      0.2215      0.3906
 4      0.5524      0.2944      0.2960      0.2960      0.2958      0.1670      0.2957      0.1640      0.2938
 5      0.4730      0.2353      0.2369      0.2369      0.2367      0.1326      0.2366      0.1298      0.2347
 6      0.4035      0.1970      0.1985      0.1985      0.1983      0.1119      0.1982      0.1091      0.1964
 7      0.3594      0.1615      0.1630      0.1630      0.1628      0.0914      0.1628      0.0888      0.1609
 8      0.3257      0.1479      0.1494      0.1494      0.1492      0.0841      0.1491      0.0814      0.1473
 9      0.2861      0.1264      0.1279      0.1279      0.1278      0.0716      0.1277      0.0689      0.1259
10      0.2644      0.1109      0.1122      0.1122      0.1120      0.0627      0.1119      0.0602      0.1103
11      0.2354      0.0957      0.0969      0.0969      0.0968      0.0545      0.0967      0.0523      0.0952
12      0.2194      0.0869      0.0881      0.0881      0.0881      0.0495      0.0879      0.0472      0.0865
13      0.2091      0.0801      0.0813      0.0813      0.0813      0.0454      0.0812      0.0433      0.0797
14      0.1994      0.0746      0.0758      0.0758      0.0757      0.0425      0.0755      0.0403      0.0741
