
w256_s770001_r1.npz: width 256, N = 1000000  (single replica, within-sample eps)
 l      memless         wick        herm2        herm3        herm4 closure_noK4      closure  closure_reg          fit      fit_reg  fit coefficients B0..B6
 0       0.2882       0.0651       0.0651       0.0648       0.0648       0.0647       0.0396       0.0647       0.0396       0.0647  -0.00 +2.90 +3.60 -169.03 +0.92 +250.99 +1.49
 1       0.4763       0.0677       0.0676       0.0678       0.0678       0.0607       0.0311       0.0572       0.0309       0.0571  -0.00 +3.02 +3.02 +0.32 +0.99 +1.57 +1.47
 2       0.5027       0.0745       0.0745       0.0756       0.0755       0.0661       0.0275       0.0583       0.0270       0.0581  -0.00 +3.07 +3.03 +0.34 +1.00 +1.37 +1.44
 3       0.5318       0.0795       0.0794       0.0799       0.0798       0.0689       0.0268       0.0611       0.0260       0.0608  -0.01 +3.02 +2.95 +0.40 +0.98 +1.39 +1.41
 4       0.4997       0.0774       0.0772       0.0778       0.0776       0.0664       0.0247       0.0580       0.0235       0.0572  -0.00 +3.01 +2.93 +0.32 +0.94 +1.27 +1.40
 5       0.4937       0.0793       0.0792       0.0797       0.0796       0.0664       0.0257       0.0584       0.0232       0.0571  -0.01 +3.00 +2.91 +0.16 +0.84 +1.26 +1.35
 6       0.4650       0.0725       0.0723       0.0729       0.0728       0.0626       0.0224       0.0526       0.0193       0.0509  -0.00 +2.91 +2.87 +0.13 +0.76 +1.17 +1.33
 7       0.4472       0.0681       0.0679       0.0681       0.0680       0.0611       0.0199       0.0476       0.0165       0.0451  -0.00 +2.81 +2.82 +0.01 +0.72 +1.13 +1.35
 8       0.4835       0.0675       0.0673       0.0676       0.0675       0.0637       0.0198       0.0461       0.0164       0.0428  -0.00 +2.96 +2.83 +0.04 +0.74 +1.20 +1.34
 9       0.4675       0.0734       0.0733       0.0740       0.0739       0.0597       0.0250       0.0462       0.0176       0.0433  +0.00 +3.01 +2.81 +0.06 +0.70 +0.76 +1.22
10       0.4828       0.0658       0.0656       0.0657       0.0656       0.0601       0.0245       0.0429       0.0159       0.0385  -0.00 +2.93 +2.70 -0.08 +0.69 +1.02 +1.25
11       0.5536       0.0736       0.0733       0.0740       0.0737       0.0683       0.0264       0.0491       0.0179       0.0439  -0.00 +2.85 +2.78 -0.00 +0.73 +0.76 +1.27
12       0.5528       0.0684       0.0681       0.0688       0.0686       0.0619       0.0270       0.0456       0.0172       0.0401  +0.00 +2.87 +2.71 -0.07 +0.58 +1.18 +1.22
13       0.5331       0.0657       0.0655       0.0660       0.0659       0.0648       0.0268       0.0462       0.0160       0.0407  -0.00 +2.88 +2.73 -0.05 +0.57 +0.60 +1.21
14       0.5399       0.0691       0.0689       0.0691       0.0689       0.0662       0.0282       0.0502       0.0179       0.0437  +0.00 +2.88 +2.69 -0.15 +0.41 +0.89 +1.27

pair w256_s770001_r1.npz | w256_s770001_r2.npz: noise-corrected eps of D21(l+1)
  _xc = model from A vs target B, target noise subtracted (oracle_k3 --pair convention)
  _cp = replica cross-product <M_A-D_A, M_B-D_B>/<D_A,D_B> (model and target noise removed)
 l  noise    B0n    B6n |     memless        wick       herm2       herm3       herm4 closure_noK     closure closure_reg         fit     fit_reg closure_noB closure_reg closure_pro closure_reg | xc:     memless        wick       herm2       herm3       herm4 closure_noK     closure closure_reg         fit     fit_reg closure_noB closure_reg closure_pro closure_reg
 0 0.0864 0.0526 0.0345 |      0.2761      0.0058      0.0055     -0.0028     -0.0028     -0.0030      0.0028     -0.0029      0.0030     -0.0024     -0.0027     -0.0020     -0.0032     -0.0021 | xc:      0.2749      0.0563      0.0563      0.0559      0.0559      0.0560      0.0767      0.0560      0.0765      0.0566      0.0554      0.0200      0.0550      0.0201  coefA -0.00 +2.90 +3.60 -169.03 +0.92 +250.99 +1.49
 1 0.0580 0.0406 0.0213 |      0.4747      0.0557      0.0557      0.0559      0.0559      0.0470      0.0210      0.0426      0.0209      0.0425      0.3847      0.3896      0.3810      0.3867 | xc:      0.4753      0.0697      0.0697      0.0698      0.0698      0.0630      0.0582      0.0606      0.0577      0.0606      0.3871      0.3905      0.3854      0.3877  coefA -0.00 +3.02 +3.02 +0.32 +0.99 +1.57 +1.47
 2 0.0446 0.0329 0.0156 |      0.5024      0.0693      0.0692      0.0704      0.0704      0.0604      0.0225      0.0518      0.0219      0.0516      0.3954      0.4021      0.3873      0.3938 | xc:      0.5029      0.0778      0.0777      0.0787      0.0787      0.0698      0.0483      0.0630      0.0475      0.0630      0.3962      0.4024      0.3885      0.3940  coefA -0.00 +3.07 +3.03 +0.34 +1.00 +1.37 +1.44
 3 0.0370 0.0284 0.0123 |      0.5322      0.0766      0.0765      0.0770      0.0769      0.0654      0.0236      0.0574      0.0228      0.0570      0.4300      0.4398      0.4115      0.4225 | xc:      0.5334      0.0833      0.0832      0.0836      0.0835      0.0725      0.0434      0.0653      0.0424      0.0651      0.4315      0.4407      0.4141      0.4234  coefA -0.01 +3.02 +2.95 +0.40 +0.98 +1.39 +1.41
 4 0.0282 0.0218 0.0091 |      0.4998      0.0758      0.0757      0.0762      0.0761      0.0645      0.0230      0.0558      0.0217      0.0551      0.4102      0.4207      0.3810      0.3910 | xc:      0.5002      0.0798      0.0796      0.0800      0.0799      0.0684      0.0364      0.0605      0.0351      0.0599      0.4106      0.4211      0.3823      0.3915  coefA -0.00 +3.01 +2.93 +0.32 +0.94 +1.27 +1.40
 5 0.0248 0.0197 0.0079 |      0.4939      0.0781      0.0780      0.0785      0.0784      0.0649      0.0244      0.0569      0.0220      0.0557      0.4091      0.4200      0.3765      0.3858 | xc:      0.4947      0.0808      0.0806      0.0810      0.0809      0.0672      0.0350      0.0601      0.0326      0.0591      0.4099      0.4206      0.3779      0.3866  coefA -0.01 +3.00 +2.91 +0.16 +0.84 +1.26 +1.35
 6 0.0211 0.0175 0.0059 |      0.4653      0.0720      0.0717      0.0724      0.0723      0.0618      0.0216      0.0519      0.0185      0.0501      0.4165      0.4276      0.3651      0.3723 | xc:      0.4660      0.0748      0.0746      0.0751      0.0751      0.0638      0.0304      0.0551      0.0277      0.0536      0.4173      0.4283      0.3665      0.3733  coefA -0.00 +2.91 +2.87 +0.13 +0.76 +1.17 +1.33
 7 0.0176 0.0150 0.0047 |      0.4468      0.0677      0.0674      0.0676      0.0675      0.0605      0.0196      0.0470      0.0160      0.0444      0.4006      0.4084      0.3456      0.3491 | xc:      0.4469      0.0705      0.0703      0.0704      0.0703      0.0616      0.0262      0.0487      0.0235      0.0468      0.4004      0.4083      0.3455      0.3489  coefA -0.00 +2.81 +2.82 +0.01 +0.72 +1.13 +1.35
 8 0.0159 0.0131 0.0043 |      0.4833      0.0671      0.0669      0.0672      0.0671      0.0631      0.0195      0.0456      0.0159      0.0423      0.4237      0.4354      0.3547      0.3632 | xc:      0.4833      0.0690      0.0689      0.0692      0.0691      0.0640      0.0247      0.0467      0.0221      0.0441      0.4236      0.4352      0.3553      0.3633  coefA -0.00 +2.96 +2.83 +0.04 +0.74 +1.20 +1.34
 9 0.0140 0.0122 0.0039 |      0.4669      0.0731      0.0729      0.0737      0.0735      0.0592      0.0246      0.0459      0.0173      0.0430      0.4484      0.4537      0.3528      0.3526 | xc:      0.4665      0.0749      0.0748      0.0755      0.0753      0.0601      0.0285      0.0473      0.0222      0.0448      0.4481      0.4533      0.3525      0.3522  coefA +0.00 +3.01 +2.81 +0.06 +0.70 +0.76 +1.22
10 0.0123 0.0105 0.0031 |      0.4825      0.0655      0.0654      0.0655      0.0653      0.0598      0.0244      0.0429      0.0157      0.0383      0.4499      0.4563      0.3680      0.3719 | xc:      0.4822      0.0659      0.0657      0.0658      0.0657      0.0595      0.0279      0.0438      0.0201      0.0396      0.4495      0.4559      0.3678      0.3718  coefA -0.00 +2.93 +2.70 -0.08 +0.69 +1.02 +1.25
11 0.0118 0.0102 0.0032 |      0.5537      0.0734      0.0732      0.0738      0.0735      0.0682      0.0262      0.0489      0.0177      0.0436      0.5094      0.5194      0.4205      0.4257 | xc:      0.5541      0.0737      0.0734      0.0741      0.0739      0.0697      0.0296      0.0508      0.0217      0.0452      0.5096      0.5196      0.4206      0.4258  coefA -0.00 +2.85 +2.78 -0.00 +0.73 +0.76 +1.27
12 0.0107 0.0093 0.0027 |      0.5527      0.0682      0.0679      0.0686      0.0683      0.0615      0.0270      0.0455      0.0170      0.0398      0.5266      0.5347      0.3805      0.3831 | xc:      0.5528      0.0683      0.0680      0.0686      0.0684      0.0615      0.0297      0.0469      0.0201      0.0412      0.5267      0.5349      0.3805      0.3832  coefA +0.00 +2.87 +2.71 -0.07 +0.58 +1.18 +1.22
13 0.0105 0.0092 0.0026 |      0.5331      0.0655      0.0654      0.0658      0.0657      0.0646      0.0267      0.0461      0.0158      0.0405      0.5153      0.5199      0.4019      0.4038 | xc:      0.5331      0.0663      0.0661      0.0665      0.0664      0.0653      0.0282      0.0470      0.0183      0.0416      0.5153      0.5199      0.4017      0.4036  coefA -0.00 +2.88 +2.73 -0.05 +0.57 +0.60 +1.21
14 0.0107 0.0094 0.0025 |      0.5400      0.0690      0.0688      0.0690      0.0688      0.0661      0.0280      0.0500      0.0177      0.0436      0.5388      0.5403      0.4417      0.4419 | xc:      0.5401      0.0687      0.0685      0.0687      0.0685      0.0663      0.0298      0.0506      0.0202      0.0441      0.5390      0.5405      0.4419      0.4421  coefA +0.00 +2.88 +2.69 -0.15 +0.41 +0.89 +1.27

cross-product eps^2 x 1e4 +- jackknife standard error (32 column blocks)
 0  762.3+- 23.5    0.3+-  0.1    0.3+-  0.1   -0.1+-  0.1   -0.1+-  0.1   -0.1+-  0.1    0.1+-  0.1   -0.1+-  0.1    0.1+-  0.1   -0.1+-  0.1   -0.1+-  0.2   -0.0+-  0.2   -0.1+-  0.2   -0.0+-  0.2
 1 2253.5+- 81.6   31.1+-  1.2   31.0+-  1.2   31.2+-  1.2   31.2+-  1.2   22.1+-  0.8    4.4+-  0.2   18.1+-  0.7    4.4+-  0.2   18.1+-  0.7 1479.7+- 56.3 1517.8+- 57.5 1451.7+- 55.5 1495.1+- 57.0
 2 2523.8+-105.7   48.0+-  1.9   47.9+-  1.9   49.6+-  1.9   49.5+-  1.9   36.4+-  1.4    5.1+-  0.2   26.8+-  1.1    4.8+-  0.2   26.6+-  1.1 1563.6+- 69.0 1616.7+- 70.8 1499.7+- 67.2 1551.0+- 68.7
 3 2832.5+- 96.0   58.6+-  1.9   58.5+-  1.9   59.3+-  1.9   59.1+-  1.9   42.8+-  1.4    5.6+-  0.2   33.0+-  1.1    5.2+-  0.2   32.5+-  1.1 1848.9+- 66.0 1933.8+- 68.7 1693.2+- 61.2 1785.0+- 64.4
 4 2498.4+-136.0   57.5+-  3.1   57.3+-  3.1   58.1+-  3.2   57.9+-  3.2   41.6+-  2.0    5.3+-  0.3   31.2+-  1.6    4.7+-  0.2   30.3+-  1.6 1682.5+- 98.0 1770.2+-103.4 1451.5+- 84.1 1528.7+- 90.9
 5 2439.5+-134.1   61.0+-  3.2   60.8+-  3.2   61.6+-  3.3   61.4+-  3.3   42.1+-  2.2    6.0+-  0.3   32.4+-  1.8    4.8+-  0.3   31.0+-  1.7 1673.7+- 90.2 1763.6+- 95.7 1417.4+- 79.1 1488.6+- 84.6
 6 2165.2+-100.4   51.8+-  2.5   51.5+-  2.5   52.4+-  2.6   52.2+-  2.5   38.2+-  1.6    4.7+-  0.2   26.9+-  1.3    3.4+-  0.2   25.1+-  1.3 1735.1+- 82.6 1828.8+- 86.7 1333.2+- 67.7 1386.3+- 70.6
 7 1996.5+-114.1   45.8+-  2.3   45.5+-  2.3   45.8+-  2.3   45.6+-  2.3   36.6+-  1.4    3.8+-  0.2   22.1+-  1.2    2.6+-  0.1   19.8+-  1.1 1604.5+- 89.7 1668.2+- 93.4 1194.1+- 73.7 1218.6+- 76.9
 8 2335.9+- 99.4   45.0+-  2.2   44.8+-  2.2   45.2+-  2.2   45.0+-  2.2   39.8+-  1.7    3.8+-  0.2   20.8+-  1.1    2.5+-  0.1   17.9+-  1.0 1795.1+- 78.7 1895.7+- 81.9 1257.9+- 64.7 1319.2+- 68.2
 9 2179.5+- 89.7   53.4+-  2.2   53.2+-  2.2   54.3+-  2.3   54.1+-  2.3   35.1+-  1.8    6.1+-  0.3   21.1+-  1.2    3.0+-  0.1   18.5+-  1.0 2010.7+- 71.9 2058.5+- 76.5 1244.4+- 52.4 1242.9+- 53.4
10 2327.9+- 81.5   42.9+-  1.8   42.7+-  1.8   42.9+-  1.8   42.7+-  1.8   35.7+-  1.4    6.0+-  0.3   18.4+-  0.9    2.5+-  0.1   14.7+-  0.8 2024.5+- 71.2 2082.5+- 73.7 1353.9+- 51.0 1383.3+- 53.0
11 3066.2+-118.0   53.9+-  2.9   53.5+-  2.9   54.5+-  2.9   54.1+-  2.9   46.5+-  1.7    6.8+-  0.4   24.0+-  1.2    3.1+-  0.2   19.0+-  1.0 2594.8+-102.5 2697.3+-105.2 1768.2+- 80.9 1812.1+- 83.3
12 3055.0+- 84.3   46.6+-  2.2   46.2+-  2.1   47.1+-  2.2   46.7+-  2.2   37.9+-  1.6    7.3+-  0.4   20.7+-  1.1    2.9+-  0.1   15.8+-  0.9 2773.3+- 88.4 2859.0+- 89.7 1447.7+- 59.0 1468.0+- 58.2
13 2841.9+- 77.9   42.9+-  1.9   42.7+-  1.9   43.2+-  2.0   43.1+-  2.0   41.7+-  1.8    7.1+-  0.4   21.3+-  1.2    2.5+-  0.1   16.4+-  1.0 2655.0+- 71.0 2702.6+- 73.3 1615.2+- 61.8 1630.8+- 62.6
14 2915.6+- 94.4   47.6+-  2.4   47.3+-  2.4   47.6+-  2.4   47.3+-  2.4   43.6+-  1.7    7.9+-  0.4   25.0+-  1.3    3.1+-  0.2   19.0+-  1.1 2903.4+- 95.2 2919.5+- 96.7 1950.9+- 77.7 1952.4+- 77.7

old content: share ||T(B0)||/||D21||, held-out R^2 of T(B0) on the transported births (exact / regenerated k4)
 0 share 0.053 (noise-free 0.005)  projR2 -0.072 -0.073 (noise-free 0.211)  beta -0.00 +1.53 -1.53 -0.01 -0.38 -151.14 -349.05 +63.80 +0.02
 1 share 0.386 (noise-free 0.385)  projR2 0.016 0.012 (noise-free 0.020)  beta -0.00 -3.02 +3.03 -0.25 +0.13 -6.08 -1.89 +2.61 +0.74
 2 share 0.397 (noise-free 0.396)  projR2 0.041 0.038 (noise-free 0.042)  beta -0.00 +1.14 -1.12 +0.13 -0.03 -7.77 -4.83 +1.75 +0.58
 3 share 0.433 (noise-free 0.432)  projR2 0.082 0.073 (noise-free 0.086)  beta -0.00 -3.57 +3.55 +0.26 +1.03 -8.12 -2.21 +2.26 +1.16
 4 share 0.412 (noise-free 0.412)  projR2 0.138 0.131 (noise-free 0.139)  beta +0.01 -1.70 +1.69 +0.23 -0.02 -9.12 -3.38 +3.12 +1.11
 5 share 0.411 (noise-free 0.411)  projR2 0.153 0.147 (noise-free 0.155)  beta -0.02 -3.14 +3.18 +0.49 +0.01 -8.64 -3.58 +2.36 +0.85
 6 share 0.417 (noise-free 0.417)  projR2 0.226 0.222 (noise-free 0.231)  beta -0.00 -8.66 +8.63 +0.10 -2.47 -10.74 -5.09 +2.39 +0.58
 7 share 0.398 (noise-free 0.398)  projR2 0.245 0.247 (noise-free 0.248)  beta -0.01 -3.02 +3.17 +0.79 -0.08 -9.30 -7.72 +3.93 +0.65
 8 share 0.422 (noise-free 0.422)  projR2 0.292 0.286 (noise-free 0.295)  beta -0.01 -5.58 +5.77 +0.26 -0.27 -9.24 -8.58 +6.73 +1.66
 9 share 0.442 (noise-free 0.442)  projR2 0.365 0.372 (noise-free 0.367)  beta +0.01 -6.52 +6.73 +0.13 -0.92 -10.89 -12.46 -3.28 -0.83
10 share 0.444 (noise-free 0.444)  projR2 0.312 0.311 (noise-free 0.314)  beta +0.01 -10.17 +10.43 +0.41 -0.45 -8.67 -10.62 +2.27 +0.83
11 share 0.505 (noise-free 0.505)  projR2 0.310 0.307 (noise-free 0.309)  beta -0.01 +6.55 -6.48 +0.56 -2.33 -10.29 -8.38 +2.57 +0.85
12 share 0.519 (noise-free 0.519)  projR2 0.464 0.464 (noise-free 0.464)  beta -0.01 -4.09 +4.06 -1.87 -1.67 -13.62 -11.00 +11.25 +0.23
13 share 0.507 (noise-free 0.507)  projR2 0.373 0.373 (noise-free 0.374)  beta -0.01 -6.99 +7.49 +0.14 -1.24 -9.69 -16.42 +0.37 -0.09
14 share 0.529 (noise-free 0.529)  projR2 0.305 0.301 (noise-free 0.305)  beta +0.00 -6.86 +7.11 -0.31 -2.32 -9.63 -13.72 +0.73 -1.15

replica noise of the model error delta = M - D, ||delta_A - delta_B|| / (sqrt2 ||D||), per column
 0      0.0840      0.0650      0.0653      0.0653      0.0653      0.0652      0.0403      0.0652      0.0397      0.0649      0.0664      0.0839      0.0663      0.0838
 1      0.0560      0.0387      0.0391      0.0391      0.0391      0.0390      0.0237      0.0390      0.0232      0.0386      0.0464      0.0560      0.0526      0.0591
 2      0.0429      0.0271      0.0275      0.0275      0.0275      0.0274      0.0165      0.0273      0.0159      0.0270      0.0364      0.0430      0.0372      0.0427
 3      0.0354      0.0209      0.0212      0.0212      0.0212      0.0212      0.0128      0.0212      0.0122      0.0209      0.0306      0.0357      0.0379      0.0394
 4      0.0268      0.0152      0.0156      0.0156      0.0156      0.0155      0.0094      0.0155      0.0089      0.0151      0.0234      0.0270      0.0261      0.0277
 5      0.0238      0.0127      0.0130      0.0130      0.0130      0.0131      0.0078      0.0130      0.0072      0.0126      0.0207      0.0240      0.0238      0.0257
 6      0.0199      0.0092      0.0094      0.0094      0.0094      0.0095      0.0057      0.0094      0.0053      0.0092      0.0180      0.0201      0.0273      0.0294
 7      0.0167      0.0073      0.0075      0.0075      0.0075      0.0075      0.0045      0.0075      0.0041      0.0072      0.0153      0.0169      0.0168      0.0175
 8      0.0150      0.0065      0.0067      0.0067      0.0067      0.0068      0.0040      0.0067      0.0036      0.0065      0.0134      0.0152      0.0203      0.0196
 9      0.0133      0.0057      0.0059      0.0059      0.0059      0.0059      0.0035      0.0058      0.0031      0.0056      0.0125      0.0135      0.0177      0.0198
10      0.0116      0.0047      0.0048      0.0048      0.0048      0.0048      0.0029      0.0047      0.0026      0.0046      0.0107      0.0117      0.0179      0.0181
11      0.0112      0.0046      0.0047      0.0047      0.0047      0.0048      0.0030      0.0048      0.0026      0.0045      0.0105      0.0114      0.0153      0.0147
12      0.0100      0.0038      0.0039      0.0039      0.0039      0.0039      0.0025      0.0038      0.0021      0.0037      0.0095      0.0101      0.0137      0.0140
13      0.0098      0.0034      0.0036      0.0036      0.0036      0.0036      0.0022      0.0035      0.0018      0.0033      0.0092      0.0099      0.0146      0.0153
14      0.0100      0.0035      0.0036      0.0036      0.0036      0.0037      0.0023      0.0035      0.0020      0.0034      0.0095      0.0102      0.0126      0.0133
