
s770001_r1.npz: width 1024, N = 3500000  (single replica, within-sample eps)
 l      memless         wick        herm2        herm3        herm4 closure_noK4      closure  closure_reg          fit      fit_reg  fit coefficients B0..B6
 0       0.3227       0.1341       0.1341       0.1340       0.1340       0.1340       0.0823       0.1340       0.0823       0.1340  -0.00 +3.13 -60.69 -185.50 +1.02 +0.25 +1.50
 1       0.4892       0.0853       0.0853       0.0853       0.0853       0.0839       0.0484       0.0832       0.0484       0.0832  +0.00 +2.98 +2.99 +0.40 +0.97 +1.49 +1.49
 2       0.4978       0.0638       0.0638       0.0639       0.0639       0.0611       0.0325       0.0596       0.0325       0.0596  -0.00 +3.01 +3.01 +0.39 +0.99 +1.52 +1.48
 3       0.4789       0.0528       0.0528       0.0530       0.0529       0.0486       0.0242       0.0463       0.0241       0.0462  -0.00 +2.99 +2.98 +0.34 +0.97 +1.42 +1.47
 4       0.4797       0.0477       0.0477       0.0478       0.0478       0.0415       0.0185       0.0386       0.0184       0.0385  -0.00 +3.02 +2.98 +0.33 +0.96 +1.44 +1.47
 5       0.4686       0.0464       0.0464       0.0465       0.0465       0.0394       0.0165       0.0360       0.0163       0.0359  -0.00 +3.01 +2.97 +0.32 +0.96 +1.41 +1.46
 6       0.4445       0.0431       0.0431       0.0433       0.0432       0.0350       0.0131       0.0308       0.0129       0.0306  -0.00 +2.99 +2.94 +0.22 +0.92 +1.39 +1.44
 7       0.4318       0.0417       0.0417       0.0418       0.0418       0.0323       0.0115       0.0282       0.0112       0.0280  -0.00 +2.98 +2.96 +0.23 +0.90 +1.35 +1.43
 8       0.4345       0.0413       0.0413       0.0414       0.0414       0.0312       0.0104       0.0267       0.0100       0.0265  -0.00 +2.99 +2.95 +0.22 +0.89 +1.36 +1.42
 9       0.4204       0.0391       0.0390       0.0390       0.0389       0.0295       0.0093       0.0249       0.0089       0.0246  -0.00 +2.99 +2.92 +0.19 +0.88 +1.40 +1.41
10       0.4047       0.0386       0.0385       0.0386       0.0386       0.0283       0.0089       0.0231       0.0082       0.0228  -0.00 +2.99 +2.89 +0.15 +0.85 +1.28 +1.38
11       0.4140       0.0393       0.0393       0.0392       0.0392       0.0286       0.0090       0.0238       0.0083       0.0235  -0.00 +2.99 +2.90 +0.18 +0.88 +1.23 +1.38
12       0.4178       0.0389       0.0389       0.0389       0.0389       0.0279       0.0085       0.0226       0.0077       0.0223  +0.00 +3.03 +2.91 +0.19 +0.86 +1.32 +1.38
13       0.4161       0.0391       0.0391       0.0391       0.0391       0.0283       0.0087       0.0232       0.0078       0.0227  +0.00 +3.00 +2.90 +0.18 +0.83 +1.27 +1.36
14       0.4220       0.0405       0.0405       0.0404       0.0404       0.0290       0.0090       0.0240       0.0080       0.0235  +0.00 +3.01 +2.91 +0.20 +0.82 +1.26 +1.36

pair s770001_r1.npz | s770001_r2.npz: noise-corrected eps of D21(l+1)
  _xc = model from A vs target B, target noise subtracted (oracle_k3 --pair convention)
  _cp = replica cross-product <M_A-D_A, M_B-D_B>/<D_A,D_B> (model and target noise removed)
 l  noise    B0n    B6n |     memless        wick       herm2       herm3       herm4 closure_noK     closure closure_reg         fit     fit_reg closure_noB closure_reg closure_pro closure_reg | xc:     memless        wick       herm2       herm3       herm4 closure_noK     closure closure_reg         fit     fit_reg closure_noB closure_reg closure_pro closure_reg
 0 0.1737 0.1083 0.0706 |      0.2773      0.0026      0.0027     -0.0018     -0.0018     -0.0018      0.0021     -0.0018      0.0021     -0.0019     -0.0033      0.0062     -0.0028      0.0066 | xc:      0.2742      0.1106      0.1106      0.1106      0.1106      0.1107      0.1529      0.1107      0.1527      0.1104      0.1084      0.0247      0.1083      0.0247  coefA -0.00 +3.13 -60.69 -185.50 +1.02 +0.25 +1.50
 1 0.1192 0.0859 0.0439 |      0.4785      0.0285      0.0285      0.0287      0.0287      0.0241      0.0107      0.0215      0.0107      0.0214      0.4003      0.4013      0.3992      0.4002 | xc:      0.4756      0.0918      0.0918      0.0919      0.0919      0.0904      0.1102      0.0898      0.1098      0.0899      0.4033      0.3990      0.4028      0.3979  coefA +0.00 +2.98 +2.99 +0.40 +0.97 +1.49 +1.49
 2 0.0890 0.0694 0.0300 |      0.4920      0.0338      0.0337      0.0340      0.0340      0.0285      0.0095      0.0249      0.0095      0.0249      0.4030      0.4050      0.3997      0.4018 | xc:      0.4904      0.0781      0.0781      0.0782      0.0782      0.0759      0.0845      0.0748      0.0841      0.0750      0.4043      0.4038      0.4025      0.4006  coefA -0.00 +3.01 +3.01 +0.39 +0.99 +1.52 +1.48
 3 0.0678 0.0544 0.0218 |      0.4754      0.0358      0.0358      0.0360      0.0360      0.0292      0.0092      0.0251      0.0091      0.0250      0.3812      0.3835      0.3755      0.3780 | xc:      0.4745      0.0659      0.0659      0.0660      0.0660      0.0624      0.0652      0.0605      0.0649      0.0607      0.3818      0.3828      0.3775      0.3774  coefA -0.00 +2.99 +2.98 +0.34 +0.97 +1.42 +1.47
 4 0.0555 0.0463 0.0166 |      0.4776      0.0377      0.0377      0.0379      0.0378      0.0294      0.0087      0.0252      0.0085      0.0250      0.3947      0.3973      0.3848      0.3879 | xc:      0.4772      0.0603      0.0603      0.0604      0.0604      0.0553      0.0542      0.0531      0.0538      0.0532      0.3951      0.3971      0.3866      0.3877  coefA -0.00 +3.02 +2.98 +0.33 +0.96 +1.44 +1.47
 5 0.0468 0.0390 0.0140 |      0.4671      0.0395      0.0395      0.0397      0.0397      0.0309      0.0092      0.0265      0.0090      0.0264      0.3816      0.3844      0.3693      0.3724 | xc:      0.4670      0.0561      0.0560      0.0562      0.0561      0.0500      0.0462      0.0474      0.0458      0.0475      0.3820      0.3843      0.3709      0.3724  coefA -0.00 +3.01 +2.97 +0.32 +0.96 +1.41 +1.46
 6 0.0381 0.0327 0.0106 |      0.4435      0.0390      0.0390      0.0392      0.0391      0.0296      0.0083      0.0246      0.0080      0.0245      0.3751      0.3777      0.3596      0.3623 | xc:      0.4435      0.0514      0.0513      0.0514      0.0514      0.0444      0.0379      0.0413      0.0376      0.0413      0.3753      0.3777      0.3607      0.3624  coefA -0.00 +2.99 +2.94 +0.22 +0.92 +1.39 +1.44
 7 0.0332 0.0289 0.0088 |      0.4310      0.0389      0.0389      0.0390      0.0389      0.0285      0.0080      0.0238      0.0076      0.0236      0.3731      0.3755      0.3565      0.3587 | xc:      0.4310      0.0490      0.0490      0.0490      0.0490      0.0408      0.0335      0.0377      0.0331      0.0377      0.3734      0.3755      0.3573      0.3589  coefA -0.00 +2.98 +2.96 +0.23 +0.90 +1.35 +1.43
 8 0.0302 0.0268 0.0074 |      0.4340      0.0394      0.0394      0.0395      0.0395      0.0285      0.0076      0.0235      0.0071      0.0233      0.3832      0.3856      0.3657      0.3679 | xc:      0.4342      0.0479      0.0478      0.0479      0.0479      0.0393      0.0307      0.0359      0.0303      0.0358      0.3836      0.3859      0.3664      0.3682  coefA -0.00 +2.99 +2.95 +0.22 +0.89 +1.36 +1.42
 9 0.0259 0.0231 0.0062 |      0.4201      0.0376      0.0376      0.0375      0.0375      0.0275      0.0074      0.0225      0.0069      0.0222      0.3745      0.3770      0.3492      0.3512 | xc:      0.4204      0.0444      0.0444      0.0443      0.0443      0.0360      0.0266      0.0324      0.0262      0.0322      0.3748      0.3772      0.3499      0.3514  coefA -0.00 +2.99 +2.92 +0.19 +0.88 +1.40 +1.41
10 0.0229 0.0206 0.0052 |      0.4047      0.0375      0.0375      0.0376      0.0375      0.0268      0.0076      0.0214      0.0068      0.0210      0.3686      0.3706      0.3468      0.3481 | xc:      0.4050      0.0427      0.0427      0.0427      0.0427      0.0337      0.0238      0.0298      0.0233      0.0295      0.3690      0.3708      0.3475      0.3485  coefA -0.00 +2.99 +2.89 +0.15 +0.85 +1.28 +1.38
11 0.0219 0.0198 0.0050 |      0.4139      0.0385      0.0384      0.0384      0.0384      0.0273      0.0078      0.0223      0.0071      0.0219      0.3757      0.3775      0.3522      0.3532 | xc:      0.4143      0.0436      0.0436      0.0436      0.0435      0.0339      0.0231      0.0301      0.0227      0.0298      0.3762      0.3779      0.3527      0.3536  coefA -0.00 +2.99 +2.90 +0.18 +0.88 +1.23 +1.38
12 0.0203 0.0185 0.0043 |      0.4178      0.0382      0.0382      0.0383      0.0382      0.0269      0.0076      0.0215      0.0066      0.0211      0.3830      0.3851      0.3528      0.3544 | xc:      0.4180      0.0425      0.0425      0.0426      0.0426      0.0327      0.0214      0.0285      0.0209      0.0283      0.3832      0.3853      0.3530      0.3545  coefA +0.00 +3.03 +2.91 +0.19 +0.86 +1.32 +1.38
13 0.0188 0.0170 0.0040 |      0.4161      0.0386      0.0386      0.0386      0.0386      0.0274      0.0080      0.0222      0.0069      0.0217      0.3851      0.3870      0.3586      0.3596 | xc:      0.4164      0.0423      0.0422      0.0423      0.0423      0.0320      0.0202      0.0280      0.0196      0.0276      0.3853      0.3872      0.3588      0.3599  coefA +0.00 +3.00 +2.90 +0.18 +0.83 +1.27 +1.36
14 0.0182 0.0164 0.0038 |      0.4221      0.0401      0.0400      0.0400      0.0400      0.0282      0.0083      0.0231      0.0072      0.0227      0.3889      0.3909      0.3637      0.3649 | xc:      0.4225      0.0436      0.0435      0.0435      0.0434      0.0326      0.0197      0.0285      0.0191      0.0281      0.3893      0.3912      0.3642      0.3653  coefA +0.00 +3.01 +2.91 +0.20 +0.82 +1.26 +1.36

cross-product eps^2 x 1e4 +- jackknife standard error (32 column blocks)
 0  769.1+- 11.2    0.1+-  0.2    0.1+-  0.2   -0.0+-  0.2   -0.0+-  0.2   -0.0+-  0.2    0.0+-  0.1   -0.0+-  0.2    0.0+-  0.1   -0.0+-  0.2   -0.1+-  0.2    0.4+-  0.3   -0.1+-  0.2    0.4+-  0.3
 1 2289.6+- 35.6    8.1+-  0.1    8.1+-  0.1    8.2+-  0.1    8.2+-  0.1    5.8+-  0.1    1.1+-  0.0    4.6+-  0.1    1.1+-  0.0    4.6+-  0.1 1602.3+- 25.7 1610.5+- 25.8 1593.8+- 25.5 1601.9+- 25.7
 2 2421.1+- 55.8   11.4+-  0.3   11.4+-  0.3   11.6+-  0.3   11.6+-  0.3    8.1+-  0.2    0.9+-  0.0    6.2+-  0.2    0.9+-  0.0    6.2+-  0.2 1624.2+- 37.1 1640.4+- 37.4 1597.6+- 36.6 1614.8+- 37.1
 3 2259.9+- 50.7   12.8+-  0.3   12.8+-  0.3   12.9+-  0.3   12.9+-  0.3    8.5+-  0.2    0.9+-  0.0    6.3+-  0.1    0.8+-  0.0    6.3+-  0.1 1453.5+- 33.3 1470.8+- 33.6 1409.7+- 32.5 1429.1+- 32.9
 4 2280.7+- 65.6   14.2+-  0.4   14.2+-  0.4   14.3+-  0.4   14.3+-  0.4    8.7+-  0.2    0.7+-  0.0    6.3+-  0.2    0.7+-  0.0    6.3+-  0.2 1557.8+- 44.0 1578.8+- 44.6 1480.6+- 42.7 1504.9+- 43.6
 5 2182.1+- 60.4   15.6+-  0.4   15.6+-  0.4   15.7+-  0.4   15.7+-  0.4    9.6+-  0.3    0.8+-  0.0    7.0+-  0.2    0.8+-  0.0    7.0+-  0.2 1456.3+- 39.8 1477.7+- 40.4 1363.9+- 38.1 1386.9+- 38.9
 6 1967.3+- 63.1   15.2+-  0.4   15.2+-  0.4   15.3+-  0.5   15.3+-  0.5    8.8+-  0.2    0.7+-  0.0    6.1+-  0.2    0.6+-  0.0    6.0+-  0.2 1406.9+- 44.9 1426.4+- 45.4 1293.3+- 42.7 1312.7+- 43.4
 7 1857.5+- 56.6   15.1+-  0.4   15.1+-  0.4   15.2+-  0.4   15.2+-  0.4    8.1+-  0.2    0.6+-  0.0    5.7+-  0.2    0.6+-  0.0    5.6+-  0.2 1392.2+- 42.8 1410.0+- 43.2 1271.1+- 40.1 1287.0+- 40.6
 8 1883.9+- 55.4   15.5+-  0.4   15.5+-  0.4   15.6+-  0.4   15.6+-  0.4    8.1+-  0.2    0.6+-  0.0    5.5+-  0.2    0.5+-  0.0    5.4+-  0.2 1468.2+- 42.5 1487.2+- 43.0 1337.2+- 40.0 1353.8+- 40.6
 9 1764.8+- 47.6   14.2+-  0.4   14.1+-  0.4   14.1+-  0.4   14.1+-  0.4    7.6+-  0.2    0.6+-  0.0    5.1+-  0.1    0.5+-  0.0    4.9+-  0.1 1402.1+- 37.7 1421.2+- 38.0 1219.7+- 35.4 1233.1+- 35.8
10 1637.5+- 63.2   14.1+-  0.5   14.1+-  0.5   14.1+-  0.5   14.1+-  0.5    7.2+-  0.2    0.6+-  0.0    4.6+-  0.2    0.5+-  0.0    4.4+-  0.2 1358.6+- 51.3 1373.1+- 51.7 1202.6+- 47.9 1211.7+- 48.3
11 1713.2+- 72.5   14.8+-  0.6   14.8+-  0.6   14.8+-  0.6   14.7+-  0.6    7.5+-  0.3    0.6+-  0.0    5.0+-  0.2    0.5+-  0.0    4.8+-  0.2 1411.5+- 58.2 1424.9+- 58.7 1240.4+- 53.3 1247.8+- 53.7
12 1745.5+- 46.7   14.6+-  0.4   14.6+-  0.4   14.6+-  0.4   14.6+-  0.4    7.2+-  0.2    0.6+-  0.0    4.6+-  0.1    0.4+-  0.0    4.5+-  0.1 1466.6+- 38.2 1483.1+- 38.6 1244.6+- 35.4 1256.2+- 35.6
13 1731.7+- 53.3   14.9+-  0.5   14.9+-  0.5   14.9+-  0.5   14.9+-  0.5    7.5+-  0.2    0.6+-  0.0    4.9+-  0.2    0.5+-  0.0    4.7+-  0.2 1483.0+- 44.3 1497.6+- 44.6 1285.7+- 40.9 1293.4+- 41.1
14 1781.3+- 39.5   16.1+-  0.3   16.0+-  0.3   16.0+-  0.3   16.0+-  0.3    7.9+-  0.2    0.7+-  0.0    5.4+-  0.1    0.5+-  0.0    5.1+-  0.1 1512.4+- 32.3 1527.7+- 32.7 1323.1+- 29.1 1331.8+- 29.4

old content: share ||T(B0)||/||D21||, held-out R^2 of T(B0) on the transported births (exact / regenerated k4)
 0 share 0.108 (noise-free -0.002)  projR2 -0.030 -0.030 (noise-free 1.441)  beta -0.00 -2.05 +2.05 +0.09 -0.00 -60.70 -184.83 -206.08 -0.00
 1 share 0.406 (noise-free 0.400)  projR2 0.005 0.005 (noise-free 0.005)  beta +0.00 -0.63 +0.63 +0.20 -0.03 -8.07 -2.41 +0.07 +0.11
 2 share 0.408 (noise-free 0.403)  projR2 0.014 0.014 (noise-free 0.016)  beta -0.00 -2.70 +2.70 +0.06 +0.25 -9.02 -3.29 +1.36 +0.39
 3 share 0.384 (noise-free 0.381)  projR2 0.028 0.028 (noise-free 0.030)  beta +0.00 -0.93 +0.93 -0.27 -0.02 -8.96 -4.55 +1.81 +0.69
 4 share 0.397 (noise-free 0.395)  projR2 0.043 0.042 (noise-free 0.050)  beta +0.00 -6.21 +6.21 -0.09 -0.09 -9.91 -5.46 +2.37 +1.00
 5 share 0.384 (noise-free 0.382)  projR2 0.061 0.059 (noise-free 0.063)  beta -0.00 -1.08 +1.09 +0.06 -0.12 -10.24 -5.50 +2.13 +1.04
 6 share 0.376 (noise-free 0.375)  projR2 0.078 0.076 (noise-free 0.080)  beta -0.00 -4.20 +4.23 +0.20 -0.20 -10.47 -9.13 +2.99 +1.07
 7 share 0.374 (noise-free 0.373)  projR2 0.084 0.082 (noise-free 0.086)  beta +0.00 -5.23 +5.27 +0.00 -0.54 -10.16 -12.32 +2.71 +0.91
 8 share 0.384 (noise-free 0.383)  projR2 0.086 0.084 (noise-free 0.089)  beta -0.00 -6.62 +6.66 +0.11 -0.19 -10.34 -10.97 +2.44 +0.88
 9 share 0.375 (noise-free 0.374)  projR2 0.122 0.122 (noise-free 0.129)  beta +0.00 -12.49 +12.56 +0.11 -0.45 -11.81 -15.48 +4.78 +1.31
10 share 0.369 (noise-free 0.368)  projR2 0.110 0.110 (noise-free 0.113)  beta +0.00 -10.80 +10.90 +0.10 -0.98 -10.63 -17.46 +3.40 +0.79
11 share 0.376 (noise-free 0.375)  projR2 0.118 0.118 (noise-free 0.119)  beta -0.01 -5.02 +5.08 +0.17 -1.65 -11.20 -14.87 +2.21 +0.41
12 share 0.383 (noise-free 0.382)  projR2 0.145 0.144 (noise-free 0.150)  beta +0.01 -13.31 +13.43 +0.83 -0.14 -12.74 -15.85 +4.16 +0.78
13 share 0.385 (noise-free 0.384)  projR2 0.130 0.130 (noise-free 0.131)  beta +0.00 -4.97 +5.06 +0.40 -1.43 -11.43 -17.11 +1.21 +0.46
14 share 0.389 (noise-free 0.388)  projR2 0.120 0.120 (noise-free 0.123)  beta -0.01 -14.15 +14.28 -0.07 -1.25 -11.26 -13.82 +1.77 +0.24

replica noise of the model error delta = M - D, ||delta_A - delta_B|| / (sqrt2 ||D||), per column
 0      0.1748      0.1362      0.1364      0.1364      0.1364      0.1363      0.0839      0.1363      0.0836      0.1361      0.1382      0.1748      0.1395      0.1758
 1      0.1189      0.0812      0.0814      0.0814      0.0814      0.0813      0.0479      0.0813      0.0476      0.0812      0.0988      0.1189      0.0990      0.1190
 2      0.0885      0.0544      0.0546      0.0546      0.0546      0.0546      0.0315      0.0546      0.0312      0.0544      0.0762      0.0886      0.0783      0.0896
 3      0.0672      0.0391      0.0393      0.0393      0.0393      0.0393      0.0227      0.0393      0.0224      0.0391      0.0587      0.0673      0.0604      0.0673
 4      0.0550      0.0294      0.0295      0.0295      0.0295      0.0295      0.0167      0.0295      0.0164      0.0293      0.0491      0.0551      0.0560      0.0585
 5      0.0462      0.0245      0.0247      0.0247      0.0247      0.0247      0.0140      0.0247      0.0137      0.0245      0.0413      0.0463      0.0437      0.0463
 6      0.0376      0.0184      0.0185      0.0185      0.0185      0.0185      0.0104      0.0185      0.0101      0.0184      0.0342      0.0377      0.0376      0.0390
 7      0.0327      0.0151      0.0153      0.0153      0.0153      0.0153      0.0085      0.0153      0.0083      0.0151      0.0300      0.0328      0.0332      0.0347
 8      0.0298      0.0127      0.0128      0.0128      0.0128      0.0128      0.0072      0.0128      0.0070      0.0127      0.0276      0.0299      0.0312      0.0330
 9      0.0254      0.0105      0.0106      0.0106      0.0106      0.0106      0.0059      0.0106      0.0056      0.0105      0.0237      0.0255      0.0328      0.0321
10      0.0223      0.0088      0.0089      0.0089      0.0089      0.0088      0.0049      0.0088      0.0047      0.0087      0.0210      0.0224      0.0265      0.0269
11      0.0214      0.0084      0.0085      0.0085      0.0085      0.0085      0.0047      0.0085      0.0045      0.0084      0.0202      0.0215      0.0217      0.0228
12      0.0199      0.0072      0.0073      0.0073      0.0073      0.0073      0.0041      0.0073      0.0039      0.0072      0.0189      0.0199      0.0261      0.0268
13      0.0182      0.0066      0.0067      0.0067      0.0067      0.0067      0.0038      0.0067      0.0036      0.0066      0.0173      0.0183      0.0187      0.0195
14      0.0176      0.0063      0.0064      0.0064      0.0064      0.0064      0.0036      0.0064      0.0034      0.0063      0.0167      0.0176      0.0243      0.0255
