
s770000_r1.npz: width 1024, N = 3500000  (single replica, within-sample eps)
 l      memless         wick        herm2        herm3        herm4 closure_noK4      closure  closure_reg          fit      fit_reg  fit coefficients B0..B6
 0       0.3297       0.1363       0.1363       0.1363       0.1363       0.1362       0.0838       0.1362       0.0838       0.1362  +0.00 +2.99 -91.38 +997.62 +0.97 -30.07 +1.49
 1       0.4901       0.0862       0.0862       0.0862       0.0862       0.0849       0.0490       0.0843       0.0490       0.0843  -0.00 +3.00 +3.01 +0.39 +1.00 +1.55 +1.49
 2       0.4886       0.0636       0.0636       0.0637       0.0637       0.0611       0.0325       0.0595       0.0325       0.0595  -0.00 +3.01 +3.00 +0.32 +0.99 +1.50 +1.48
 3       0.4731       0.0516       0.0516       0.0517       0.0517       0.0471       0.0231       0.0449       0.0230       0.0449  -0.00 +3.01 +2.99 +0.34 +0.96 +1.53 +1.47
 4       0.4638       0.0458       0.0457       0.0458       0.0458       0.0398       0.0178       0.0371       0.0177       0.0370  -0.00 +2.99 +2.98 +0.30 +0.97 +1.44 +1.46
 5       0.4612       0.0437       0.0437       0.0438       0.0438       0.0362       0.0149       0.0330       0.0147       0.0329  -0.00 +3.00 +2.97 +0.30 +0.94 +1.43 +1.45
 6       0.4507       0.0436       0.0435       0.0436       0.0436       0.0344       0.0134       0.0309       0.0132       0.0308  -0.00 +3.02 +2.96 +0.28 +0.93 +1.46 +1.44
 7       0.4552       0.0421       0.0421       0.0422       0.0421       0.0322       0.0115       0.0287       0.0113       0.0285  -0.00 +3.00 +2.96 +0.28 +0.92 +1.40 +1.44
 8       0.4559       0.0446       0.0446       0.0446       0.0446       0.0330       0.0118       0.0294       0.0115       0.0293  -0.00 +3.02 +2.94 +0.28 +0.91 +1.41 +1.42
 9       0.4505       0.0443       0.0443       0.0444       0.0444       0.0327       0.0112       0.0286       0.0107       0.0284  -0.00 +3.04 +2.96 +0.25 +0.90 +1.40 +1.41
10       0.4521       0.0442       0.0441       0.0442       0.0441       0.0325       0.0104       0.0282       0.0099       0.0280  -0.00 +3.03 +2.94 +0.24 +0.90 +1.45 +1.42
11       0.4432       0.0437       0.0437       0.0438       0.0438       0.0319       0.0100       0.0272       0.0093       0.0268  -0.00 +3.04 +2.93 +0.19 +0.87 +1.30 +1.40
12       0.4438       0.0439       0.0439       0.0438       0.0438       0.0320       0.0098       0.0276       0.0091       0.0272  -0.00 +2.98 +2.94 +0.23 +0.86 +1.30 +1.40
13       0.4477       0.0434       0.0434       0.0433       0.0433       0.0325       0.0100       0.0276       0.0091       0.0272  +0.00 +3.05 +2.90 +0.21 +0.85 +1.33 +1.38
14       0.4601       0.0445       0.0445       0.0445       0.0444       0.0326       0.0096       0.0278       0.0088       0.0273  -0.00 +3.02 +2.93 +0.25 +0.85 +1.31 +1.39

pair s770000_r1.npz | s770000_r2.npz: noise-corrected eps of D21(l+1)
  _xc = model from A vs target B, target noise subtracted (oracle_k3 --pair convention)
  _cp = replica cross-product <M_A-D_A, M_B-D_B>/<D_A,D_B> (model and target noise removed)
 l  noise    B0n    B6n |     memless        wick       herm2       herm3       herm4 closure_noK     closure closure_reg         fit     fit_reg closure_noB closure_reg closure_pro closure_reg | xc:     memless        wick       herm2       herm3       herm4 closure_noK     closure closure_reg         fit     fit_reg closure_noB closure_reg closure_pro closure_reg
 0 0.1769 0.1104 0.0718 |      0.2832      0.0051      0.0047      0.0037      0.0037      0.0039      0.0016      0.0038      0.0021      0.0042     -0.0020      0.0020     -0.0022      0.0018 | xc:      0.2792      0.1130      0.1130      0.1130      0.1130      0.1131      0.1561      0.1131      0.1559      0.1130      0.1106      0.0248      0.1105      0.0248  coefA +0.00 +2.99 -91.38 +997.62 +0.97 -30.07 +1.49
 1 0.1193 0.0858 0.0441 |      0.4789      0.0287      0.0288      0.0289      0.0289      0.0246      0.0105      0.0223      0.0105      0.0223      0.3996      0.4007      0.3987      0.3997 | xc:      0.4756      0.0917      0.0917      0.0917      0.0917      0.0904      0.1101      0.0898      0.1098      0.0899      0.4026      0.3982      0.4024      0.3972  coefA -0.00 +3.00 +3.01 +0.39 +1.00 +1.55 +1.49
 2 0.0876 0.0679 0.0298 |      0.4823      0.0335      0.0335      0.0337      0.0337      0.0286      0.0094      0.0250      0.0094      0.0250      0.3934      0.3953      0.3902      0.3922 | xc:      0.4803      0.0767      0.0767      0.0768      0.0768      0.0746      0.0829      0.0733      0.0826      0.0734      0.3944      0.3938      0.3925      0.3907  coefA -0.00 +3.01 +3.00 +0.32 +0.99 +1.50 +1.48
 3 0.0663 0.0536 0.0212 |      0.4693      0.0351      0.0351      0.0353      0.0353      0.0281      0.0087      0.0244      0.0086      0.0243      0.3809      0.3828      0.3746      0.3766 | xc:      0.4683      0.0647      0.0647      0.0648      0.0648      0.0612      0.0640      0.0595      0.0636      0.0596      0.3814      0.3820      0.3765      0.3759  coefA -0.00 +3.01 +2.99 +0.34 +0.96 +1.53 +1.47
 4 0.0538 0.0449 0.0161 |      0.4613      0.0360      0.0359      0.0360      0.0360      0.0280      0.0083      0.0240      0.0081      0.0239      0.3788      0.3811      0.3695      0.3721 | xc:      0.4606      0.0581      0.0581      0.0582      0.0582      0.0535      0.0526      0.0515      0.0522      0.0516      0.3791      0.3806      0.3709      0.3716  coefA -0.00 +2.99 +2.98 +0.30 +0.97 +1.44 +1.46
 5 0.0461 0.0393 0.0130 |      0.4595      0.0374      0.0374      0.0376      0.0376      0.0283      0.0080      0.0240      0.0078      0.0239      0.3837      0.3862      0.3699      0.3729 | xc:      0.4592      0.0550      0.0549      0.0551      0.0551      0.0491      0.0455      0.0466      0.0452      0.0466      0.3840      0.3861      0.3713      0.3727  coefA -0.00 +3.00 +2.97 +0.30 +0.94 +1.43 +1.45
 6 0.0396 0.0340 0.0109 |      0.4493      0.0393      0.0393      0.0394      0.0394      0.0288      0.0083      0.0245      0.0079      0.0243      0.3791      0.3813      0.3664      0.3685 | xc:      0.4490      0.0524      0.0524      0.0524      0.0524      0.0450      0.0393      0.0423      0.0390      0.0423      0.3791      0.3810      0.3669      0.3682  coefA -0.00 +3.02 +2.96 +0.28 +0.93 +1.46 +1.44
 7 0.0352 0.0309 0.0090 |      0.4539      0.0391      0.0391      0.0392      0.0392      0.0282      0.0077      0.0241      0.0073      0.0239      0.3928      0.3955      0.3750      0.3778 | xc:      0.4535      0.0503      0.0503      0.0504      0.0504      0.0424      0.0353      0.0396      0.0350      0.0396      0.3927      0.3951      0.3754      0.3774  coefA -0.00 +3.00 +2.96 +0.28 +0.92 +1.40 +1.44
 8 0.0319 0.0278 0.0083 |      0.4548      0.0423      0.0422      0.0423      0.0422      0.0297      0.0088      0.0257      0.0083      0.0255      0.3910      0.3936      0.3754      0.3780 | xc:      0.4545      0.0508      0.0508      0.0508      0.0508      0.0411      0.0324      0.0382      0.0320      0.0381      0.3909      0.3933      0.3755      0.3776  coefA -0.00 +3.02 +2.94 +0.28 +0.91 +1.41 +1.42
 9 0.0280 0.0247 0.0071 |      0.4495      0.0427      0.0426      0.0427      0.0427      0.0304      0.0089      0.0259      0.0083      0.0257      0.3907      0.3932      0.3730      0.3751 | xc:      0.4490      0.0496      0.0496      0.0497      0.0497      0.0396      0.0289      0.0361      0.0285      0.0360      0.3905      0.3928      0.3730      0.3748  coefA -0.00 +3.04 +2.96 +0.25 +0.90 +1.40 +1.41
10 0.0256 0.0228 0.0062 |      0.4514      0.0429      0.0428      0.0429      0.0428      0.0308      0.0087      0.0262      0.0081      0.0259      0.4014      0.4039      0.3805      0.3826 | xc:      0.4512      0.0488      0.0487      0.0488      0.0487      0.0388      0.0267      0.0351      0.0263      0.0350      0.4014      0.4036      0.3806      0.3824  coefA -0.00 +3.03 +2.94 +0.24 +0.90 +1.45 +1.42
11 0.0229 0.0206 0.0054 |      0.4425      0.0428      0.0427      0.0428      0.0428      0.0305      0.0087      0.0256      0.0078      0.0252      0.3984      0.4011      0.3751      0.3771 | xc:      0.4422      0.0474      0.0474      0.0475      0.0475      0.0369      0.0244      0.0330      0.0239      0.0327      0.3982      0.4008      0.3750      0.3769  coefA -0.00 +3.04 +2.93 +0.19 +0.87 +1.30 +1.40
12 0.0216 0.0195 0.0050 |      0.4432      0.0431      0.0431      0.0430      0.0430      0.0308      0.0087      0.0262      0.0079      0.0259      0.3971      0.3998      0.3724      0.3745 | xc:      0.4430      0.0472      0.0472      0.0471      0.0471      0.0366      0.0230      0.0328      0.0225      0.0325      0.3970      0.3995      0.3725      0.3743  coefA -0.00 +2.98 +2.94 +0.23 +0.86 +1.30 +1.40
13 0.0203 0.0183 0.0045 |      0.4470      0.0427      0.0427      0.0426      0.0426      0.0315      0.0091      0.0265      0.0081      0.0261      0.4071      0.4096      0.3844      0.3863 | xc:      0.4467      0.0465      0.0464      0.0464      0.0463      0.0365      0.0220      0.0323      0.0214      0.0320      0.4068      0.4092      0.3843      0.3860  coefA +0.00 +3.05 +2.90 +0.21 +0.85 +1.33 +1.38
14 0.0195 0.0177 0.0042 |      0.4596      0.0440      0.0439      0.0439      0.0439      0.0318      0.0088      0.0269      0.0079      0.0264      0.4200      0.4227      0.3904      0.3921 | xc:      0.4593      0.0473      0.0472      0.0472      0.0472      0.0369      0.0213      0.0326      0.0208      0.0321      0.4198      0.4225      0.3903      0.3919  coefA -0.00 +3.02 +2.93 +0.25 +0.85 +1.31 +1.39

cross-product eps^2 x 1e4 +- jackknife standard error (32 column blocks)
 0  801.9+- 14.4    0.3+-  0.2    0.2+-  0.2    0.1+-  0.2    0.1+-  0.2    0.1+-  0.2    0.0+-  0.1    0.1+-  0.2    0.0+-  0.1    0.2+-  0.2   -0.0+-  0.2    0.0+-  0.3   -0.0+-  0.2    0.0+-  0.3
 1 2293.2+- 51.7    8.3+-  0.2    8.3+-  0.2    8.3+-  0.2    8.3+-  0.2    6.0+-  0.1    1.1+-  0.0    5.0+-  0.1    1.1+-  0.0    5.0+-  0.1 1596.8+- 36.7 1605.5+- 36.9 1589.4+- 36.5 1597.9+- 36.7
 2 2326.1+- 59.2   11.2+-  0.3   11.2+-  0.3   11.4+-  0.3   11.4+-  0.3    8.2+-  0.2    0.9+-  0.0    6.3+-  0.2    0.9+-  0.0    6.3+-  0.2 1547.6+- 40.0 1562.8+- 40.4 1522.7+- 39.4 1538.4+- 40.0
 3 2202.9+- 67.9   12.3+-  0.4   12.3+-  0.4   12.4+-  0.4   12.4+-  0.4    7.9+-  0.2    0.8+-  0.0    5.9+-  0.2    0.7+-  0.0    5.9+-  0.2 1450.6+- 44.6 1465.7+- 45.0 1403.3+- 43.5 1418.5+- 44.1
 4 2127.7+- 77.2   12.9+-  0.4   12.9+-  0.4   13.0+-  0.4   13.0+-  0.4    7.9+-  0.3    0.7+-  0.0    5.7+-  0.2    0.7+-  0.0    5.7+-  0.2 1434.9+- 51.9 1452.7+- 52.4 1365.3+- 50.1 1384.3+- 50.8
 5 2111.5+- 74.6   14.0+-  0.5   14.0+-  0.5   14.1+-  0.5   14.1+-  0.5    8.0+-  0.3    0.6+-  0.0    5.8+-  0.2    0.6+-  0.0    5.7+-  0.2 1472.1+- 52.1 1491.8+- 52.7 1368.2+- 49.3 1390.3+- 50.2
 6 2019.1+- 56.7   15.5+-  0.4   15.4+-  0.4   15.5+-  0.4   15.5+-  0.4    8.3+-  0.2    0.7+-  0.0    6.0+-  0.2    0.6+-  0.0    5.9+-  0.2 1437.0+- 40.0 1453.9+- 40.5 1342.6+- 38.4 1357.9+- 38.9
 7 2060.4+- 67.7   15.3+-  0.4   15.3+-  0.4   15.4+-  0.5   15.4+-  0.5    8.0+-  0.2    0.6+-  0.0    5.8+-  0.2    0.5+-  0.0    5.7+-  0.2 1543.2+- 50.2 1564.5+- 50.7 1406.2+- 47.1 1427.6+- 47.8
 8 2068.8+- 58.9   17.9+-  0.5   17.8+-  0.5   17.9+-  0.5   17.8+-  0.5    8.8+-  0.2    0.8+-  0.0    6.6+-  0.2    0.7+-  0.0    6.5+-  0.2 1529.2+- 43.7 1549.4+- 44.2 1409.0+- 41.4 1428.6+- 42.0
 9 2020.3+- 69.2   18.2+-  0.6   18.2+-  0.6   18.2+-  0.6   18.2+-  0.6    9.2+-  0.3    0.8+-  0.0    6.7+-  0.2    0.7+-  0.0    6.6+-  0.2 1526.6+- 52.7 1545.9+- 53.3 1391.1+- 49.5 1407.3+- 50.0
10 2037.7+- 70.8   18.4+-  0.6   18.4+-  0.6   18.4+-  0.6   18.4+-  0.6    9.5+-  0.3    0.8+-  0.0    6.8+-  0.2    0.7+-  0.0    6.7+-  0.2 1611.6+- 55.1 1631.0+- 55.7 1447.9+- 50.8 1464.0+- 51.4
11 1958.1+- 78.0   18.3+-  0.7   18.2+-  0.7   18.3+-  0.7   18.3+-  0.7    9.3+-  0.3    0.7+-  0.0    6.5+-  0.3    0.6+-  0.0    6.3+-  0.3 1587.2+- 62.6 1608.8+- 63.3 1406.7+- 57.6 1422.1+- 58.1
12 1964.2+- 51.7   18.6+-  0.4   18.5+-  0.4   18.5+-  0.4   18.5+-  0.4    9.5+-  0.2    0.7+-  0.0    6.9+-  0.2    0.6+-  0.0    6.7+-  0.2 1577.2+- 40.5 1598.1+- 41.2 1386.9+- 36.8 1402.1+- 37.5
13 1998.5+- 43.2   18.3+-  0.4   18.2+-  0.4   18.2+-  0.4   18.2+-  0.4   10.0+-  0.2    0.8+-  0.0    7.0+-  0.2    0.7+-  0.0    6.8+-  0.2 1657.5+- 35.3 1677.7+- 35.6 1477.9+- 33.4 1492.6+- 33.7
14 2112.3+- 52.2   19.4+-  0.5   19.3+-  0.5   19.3+-  0.5   19.3+-  0.5   10.1+-  0.2    0.8+-  0.0    7.2+-  0.2    0.6+-  0.0    7.0+-  0.2 1763.7+- 43.1 1786.6+- 43.6 1524.3+- 39.2 1537.8+- 39.5

old content: share ||T(B0)||/||D21||, held-out R^2 of T(B0) on the transported births (exact / regenerated k4)
 0 share 0.110 (noise-free -0.005)  projR2 -0.000 -0.000 (noise-free -0.027)  beta -0.00 +0.02 -0.02 -0.04 +0.08 -200.50 -929.14 +289.79 -0.00
 1 share 0.406 (noise-free 0.400)  projR2 0.003 0.004 (noise-free 0.005)  beta -0.00 -2.10 +2.09 +0.14 +0.47 -7.69 -2.02 -0.16 +0.10
 2 share 0.398 (noise-free 0.394)  projR2 0.015 0.015 (noise-free 0.016)  beta -0.00 -0.74 +0.74 -0.06 +0.09 -8.92 -3.58 +0.57 +0.36
 3 share 0.384 (noise-free 0.381)  projR2 0.031 0.032 (noise-free 0.033)  beta +0.00 -1.48 +1.49 -0.09 -0.14 -9.29 -4.01 +1.14 +0.58
 4 share 0.381 (noise-free 0.379)  projR2 0.046 0.045 (noise-free 0.049)  beta +0.00 -2.74 +2.77 -0.29 +0.26 -9.90 -6.58 +3.78 +0.86
 5 share 0.386 (noise-free 0.384)  projR2 0.067 0.065 (noise-free 0.071)  beta -0.00 -3.71 +3.73 -0.14 -0.32 -10.98 -7.75 +3.06 +1.10
 6 share 0.380 (noise-free 0.379)  projR2 0.064 0.063 (noise-free 0.065)  beta -0.00 -2.03 +2.07 +0.23 -0.47 -9.39 -9.55 +1.21 +0.82
 7 share 0.394 (noise-free 0.393)  projR2 0.087 0.084 (noise-free 0.088)  beta -0.00 -3.11 +3.14 -0.17 +0.35 -10.92 -9.14 +3.94 +1.18
 8 share 0.392 (noise-free 0.391)  projR2 0.077 0.075 (noise-free 0.078)  beta -0.00 -1.38 +1.40 +0.23 -0.51 -9.54 -9.01 +1.73 +0.94
 9 share 0.391 (noise-free 0.391)  projR2 0.088 0.086 (noise-free 0.088)  beta +0.00 -1.66 +1.70 -0.04 +1.03 -10.03 -9.68 +3.72 +0.63
10 share 0.402 (noise-free 0.401)  projR2 0.100 0.099 (noise-free 0.100)  beta +0.01 -2.11 +2.16 +0.54 -0.31 -10.46 -13.36 +1.76 +0.81
11 share 0.398 (noise-free 0.398)  projR2 0.109 0.108 (noise-free 0.112)  beta +0.00 -9.85 +9.93 +0.02 -1.36 -10.52 -13.08 +1.03 +0.70
12 share 0.397 (noise-free 0.397)  projR2 0.117 0.116 (noise-free 0.120)  beta -0.00 -10.37 +10.46 -0.07 -0.20 -10.97 -12.48 +4.35 +0.81
13 share 0.407 (noise-free 0.406)  projR2 0.106 0.105 (noise-free 0.106)  beta -0.00 -3.01 +3.10 +0.37 -0.41 -10.13 -15.13 +0.29 +0.82
14 share 0.420 (noise-free 0.420)  projR2 0.133 0.133 (noise-free 0.134)  beta -0.00 -7.24 +7.30 -0.09 +0.24 -12.00 -12.62 +4.06 +0.54

replica noise of the model error delta = M - D, ||delta_A - delta_B|| / (sqrt2 ||D||), per column
 0      0.1783      0.1386      0.1387      0.1387      0.1387      0.1387      0.0855      0.1387      0.0852      0.1385      0.1409      0.1782      0.1409      0.1782
 1      0.1192      0.0818      0.0820      0.0820      0.0820      0.0819      0.0485      0.0819      0.0483      0.0818      0.0991      0.1192      0.1003      0.1199
 2      0.0872      0.0542      0.0544      0.0544      0.0544      0.0544      0.0315      0.0544      0.0312      0.0542      0.0749      0.0873      0.0757      0.0873
 3      0.0658      0.0379      0.0380      0.0380      0.0380      0.0380      0.0217      0.0380      0.0214      0.0378      0.0577      0.0659      0.0593      0.0660
 4      0.0533      0.0284      0.0285      0.0285      0.0285      0.0285      0.0161      0.0285      0.0158      0.0284      0.0476      0.0534      0.0505      0.0540
 5      0.0456      0.0227      0.0228      0.0228      0.0228      0.0228      0.0128      0.0228      0.0125      0.0226      0.0413      0.0457      0.0450      0.0469
 6      0.0390      0.0190      0.0191      0.0191      0.0191      0.0191      0.0108      0.0191      0.0105      0.0189      0.0355      0.0391      0.0370      0.0395
 7      0.0347      0.0156      0.0157      0.0157      0.0157      0.0157      0.0088      0.0157      0.0085      0.0155      0.0320      0.0348      0.0345      0.0355
 8      0.0314      0.0143      0.0145      0.0145      0.0145      0.0145      0.0081      0.0145      0.0079      0.0143      0.0289      0.0315      0.0301      0.0317
 9      0.0275      0.0122      0.0124      0.0124      0.0124      0.0123      0.0069      0.0123      0.0067      0.0122      0.0255      0.0276      0.0262      0.0280
10      0.0252      0.0107      0.0108      0.0108      0.0108      0.0108      0.0060      0.0108      0.0058      0.0106      0.0235      0.0253      0.0245      0.0256
11      0.0226      0.0092      0.0093      0.0093      0.0093      0.0093      0.0053      0.0093      0.0050      0.0092      0.0211      0.0226      0.0270      0.0284
12      0.0212      0.0084      0.0085      0.0085      0.0085      0.0085      0.0048      0.0085      0.0046      0.0084      0.0200      0.0213      0.0263      0.0269
13      0.0199      0.0077      0.0078      0.0078      0.0078      0.0078      0.0044      0.0078      0.0041      0.0076      0.0188      0.0200      0.0198      0.0206
14      0.0191      0.0072      0.0073      0.0073      0.0073      0.0073      0.0041      0.0073      0.0039      0.0071      0.0181      0.0192      0.0213      0.0222
