
w128_s770001_r1.npz: width 128, N = 500000  (single replica, within-sample eps)
 l      memless         wick        herm2        herm3        herm4 closure_noK4      closure  closure_reg          fit      fit_reg  fit coefficients B0..B6
 0       0.3019       0.0494       0.0494       0.0486       0.0485       0.0484       0.0293       0.0484       0.0293       0.0484  +0.00 +3.21 +196.18 +416.82 +0.94 -26.61 +1.48
 1       0.4846       0.0795       0.0794       0.0799       0.0798       0.0705       0.0344       0.0651       0.0341       0.0648  +0.00 +3.14 +3.11 +0.37 +0.95 +1.69 +1.44
 2       0.5097       0.0986       0.0984       0.0983       0.0982       0.0834       0.0376       0.0748       0.0358       0.0745  -0.00 +2.99 +3.07 +0.36 +0.88 +1.36 +1.37
 3       0.4994       0.0960       0.0957       0.0982       0.0979       0.0876       0.0344       0.0756       0.0319       0.0744  -0.00 +2.99 +2.95 +0.29 +0.79 +1.45 +1.37
 4       0.5152       0.0910       0.0906       0.0912       0.0908       0.0809       0.0299       0.0713       0.0270       0.0675  -0.01 +2.91 +2.74 +0.20 +0.82 +1.12 +1.36
 5       0.5200       0.1103       0.1098       0.1109       0.1104       0.0924       0.0428       0.0826       0.0350       0.0782  -0.00 +3.09 +2.65 +0.09 +0.73 +1.38 +1.23
 6       0.5413       0.1097       0.1094       0.1103       0.1099       0.1084       0.0437       0.0873       0.0352       0.0811  -0.00 +3.04 +2.68 -0.00 +0.82 +0.95 +1.26
 7       0.5165       0.1003       0.0998       0.1000       0.0996       0.0988       0.0402       0.0837       0.0301       0.0761  -0.02 +2.78 +2.70 -0.01 +0.75 +0.79 +1.26
 8       0.5321       0.0934       0.0923       0.0918       0.0912       0.1075       0.0396       0.0760       0.0247       0.0606  -0.01 +2.50 +2.56 -0.10 +0.69 +0.56 +1.24
 9       0.5732       0.0974       0.0967       0.0962       0.0955       0.1100       0.0429       0.0741       0.0246       0.0574  -0.01 +2.50 +2.56 -0.14 +0.61 +0.70 +1.25
10       0.5712       0.0731       0.0714       0.0685       0.0676       0.0934       0.0455       0.0607       0.0175       0.0386  +0.00 +2.58 +2.64 -0.12 +0.48 +0.54 +1.17
11       0.5789       0.0832       0.0820       0.0807       0.0800       0.1035       0.0465       0.0681       0.0197       0.0490  +0.00 +3.01 +2.61 -0.08 +0.46 +1.17 +1.20
12       0.5908       0.0794       0.0789       0.0793       0.0788       0.1112       0.0586       0.0763       0.0215       0.0515  +0.00 +2.55 +2.65 -0.11 +0.30 +0.45 +1.17
13       0.5797       0.1032       0.1026       0.1045       0.1038       0.1154       0.0502       0.0779       0.0249       0.0573  -0.01 +2.57 +2.59 -0.16 +0.53 +0.58 +1.18
14       0.5832       0.0764       0.0757       0.0762       0.0756       0.0799       0.0458       0.0589       0.0180       0.0364  +0.00 +2.25 +2.57 -0.13 +0.36 +0.77 +1.15

pair w128_s770001_r1.npz | w128_s770001_r2.npz: noise-corrected eps of D21(l+1)
  _xc = model from A vs target B, target noise subtracted (oracle_k3 --pair convention)
  _cp = replica cross-product <M_A-D_A, M_B-D_B>/<D_A,D_B> (model and target noise removed)
 l  noise    B0n    B6n |     memless        wick       herm2       herm3       herm4 closure_noK     closure closure_reg         fit     fit_reg | xc:     memless        wick       herm2       herm3       herm4 closure_noK     closure closure_reg         fit     fit_reg
 0 0.0663 0.0392 0.0259 |      0.2954      0.0104      0.0105      0.0037      0.0036      0.0046     -0.0037      0.0046     -0.0041      0.0041 | xc:      0.2944      0.0474      0.0474      0.0460      0.0460      0.0462      0.0594      0.0462      0.0592      0.0467  coefA +0.00 +3.21 +196.18 +416.82 +0.94 -26.61 +1.48
 1 0.0439 0.0299 0.0161 |      0.4824      0.0746      0.0745      0.0750      0.0749      0.0650      0.0302      0.0591      0.0299      0.0588 | xc:      0.4816      0.0803      0.0802      0.0808      0.0808      0.0727      0.0505      0.0672      0.0501      0.0671  coefA +0.00 +3.14 +3.11 +0.37 +0.95 +1.69 +1.44
 2 0.0357 0.0250 0.0126 |      0.5086      0.0962      0.0960      0.0960      0.0959      0.0812      0.0354      0.0721      0.0336      0.0717 | xc:      0.5079      0.0997      0.0995      0.0997      0.0996      0.0866      0.0491      0.0773      0.0477      0.0768  coefA -0.00 +2.99 +3.07 +0.36 +0.88 +1.36 +1.37
 3 0.0284 0.0211 0.0095 |      0.4986      0.0951      0.0949      0.0974      0.0971      0.0867      0.0333      0.0745      0.0307      0.0731 | xc:      0.4978      0.0992      0.0989      0.1016      0.1013      0.0925      0.0431      0.0795      0.0415      0.0782  coefA -0.00 +2.99 +2.95 +0.29 +0.79 +1.45 +1.37
 4 0.0222 0.0173 0.0072 |      0.5142      0.0902      0.0898      0.0904      0.0900      0.0804      0.0289      0.0704      0.0261      0.0664 | xc:      0.5134      0.0903      0.0899      0.0905      0.0901      0.0820      0.0376      0.0729      0.0345      0.0686  coefA -0.01 +2.91 +2.74 +0.20 +0.82 +1.12 +1.36
 5 0.0213 0.0154 0.0070 |      0.5205      0.1097      0.1091      0.1103      0.1098      0.0916      0.0422      0.0815      0.0345      0.0772 | xc:      0.5211      0.1094      0.1090      0.1103      0.1097      0.0931      0.0471      0.0831      0.0399      0.0785  coefA -0.00 +3.09 +2.65 +0.09 +0.73 +1.38 +1.23
 6 0.0189 0.0147 0.0060 |      0.5407      0.1096      0.1093      0.1102      0.1098      0.1081      0.0436      0.0870      0.0350      0.0807 | xc:      0.5400      0.1095      0.1093      0.1102      0.1099      0.1087      0.0474      0.0885      0.0393      0.0822  coefA -0.00 +3.04 +2.68 -0.00 +0.82 +0.95 +1.26
 7 0.0176 0.0139 0.0056 |      0.5162      0.0999      0.0992      0.0994      0.0991      0.0986      0.0399      0.0833      0.0297      0.0757 | xc:      0.5155      0.0995      0.0990      0.0993      0.0989      0.0992      0.0436      0.0840      0.0335      0.0759  coefA -0.02 +2.78 +2.70 -0.01 +0.75 +0.79 +1.26
 8 0.0144 0.0112 0.0044 |      0.5318      0.0930      0.0919      0.0914      0.0907      0.1079      0.0396      0.0758      0.0246      0.0602 | xc:      0.5313      0.0907      0.0898      0.0896      0.0891      0.1100      0.0445      0.0782      0.0292      0.0606  coefA -0.01 +2.50 +2.56 -0.10 +0.69 +0.56 +1.24
 9 0.0127 0.0095 0.0038 |      0.5728      0.0975      0.0968      0.0964      0.0957      0.1105      0.0429      0.0740      0.0244      0.0572 | xc:      0.5715      0.0992      0.0985      0.0981      0.0974      0.1130      0.0454      0.0756      0.0274      0.0580  coefA -0.01 +2.50 +2.56 -0.14 +0.61 +0.70 +1.25
10 0.0117 0.0086 0.0030 |      0.5715      0.0724      0.0706      0.0678      0.0669      0.0943      0.0458      0.0609      0.0173      0.0382 | xc:      0.5723      0.0705      0.0690      0.0664      0.0656      0.0989      0.0520      0.0653      0.0225      0.0396  coefA +0.00 +2.58 +2.64 -0.12 +0.48 +0.54 +1.17
11 0.0093 0.0067 0.0025 |      0.5779      0.0833      0.0821      0.0808      0.0801      0.1033      0.0467      0.0681      0.0195      0.0491 | xc:      0.5767      0.0846      0.0833      0.0820      0.0813      0.1030      0.0470      0.0683      0.0222      0.0505  coefA +0.00 +3.01 +2.61 -0.08 +0.46 +1.17 +1.20
12 0.0103 0.0081 0.0026 |      0.5904      0.0794      0.0787      0.0792      0.0787      0.1114      0.0588      0.0763      0.0214      0.0514 | xc:      0.5892      0.0803      0.0798      0.0803      0.0798      0.1128      0.0592      0.0761      0.0239      0.0518  coefA +0.00 +2.55 +2.65 -0.11 +0.30 +0.45 +1.17
13 0.0128 0.0098 0.0031 |      0.5799      0.1030      0.1023      0.1041      0.1035      0.1157      0.0501      0.0779      0.0248      0.0572 | xc:      0.5801      0.1022      0.1017      0.1039      0.1032      0.1186      0.0511      0.0780      0.0268      0.0568  coefA -0.01 +2.57 +2.59 -0.16 +0.53 +0.58 +1.18
14 0.0100 0.0078 0.0022 |      0.5833      0.0765      0.0757      0.0762      0.0756      0.0803      0.0459      0.0591      0.0179      0.0363 | xc:      0.5835      0.0727      0.0721      0.0727      0.0721      0.0823      0.0512      0.0631      0.0214      0.0373  coefA +0.00 +2.25 +2.57 -0.13 +0.36 +0.77 +1.15

cross-product eps^2 x 1e4 +- jackknife standard error (32 column blocks)
 0  872.4+- 30.9    1.1+-  0.2    1.1+-  0.2    0.1+-  0.2    0.1+-  0.2    0.2+-  0.2   -0.1+-  0.1    0.2+-  0.2   -0.2+-  0.1    0.2+-  0.2
 1 2327.1+-114.3   55.7+-  2.9   55.4+-  2.9   56.2+-  3.0   56.1+-  3.0   42.3+-  2.0    9.1+-  0.5   35.0+-  1.8    8.9+-  0.5   34.6+-  1.7
 2 2586.5+-171.4   92.5+-  5.8   92.1+-  5.8   92.2+-  5.9   91.9+-  5.9   65.9+-  4.3   12.6+-  0.9   52.0+-  3.5   11.3+-  0.8   51.4+-  3.4
 3 2486.4+-160.1   90.5+-  6.0   90.0+-  5.9   94.9+-  6.1   94.2+-  6.0   75.2+-  4.3   11.1+-  0.7   55.5+-  3.7    9.4+-  0.6   53.5+-  3.6
 4 2644.4+-205.3   81.4+-  6.3   80.6+-  6.2   81.8+-  6.5   81.1+-  6.4   64.6+-  4.6    8.4+-  0.7   49.5+-  3.9    6.8+-  0.5   44.1+-  3.5
 5 2709.2+-201.6  120.4+-  9.1  119.1+-  9.0  121.7+-  9.1  120.5+-  9.0   83.8+-  5.7   17.8+-  1.3   66.4+-  4.8   11.9+-  0.8   59.7+-  4.5
 6 2923.2+-202.7  120.2+- 10.2  119.5+- 10.2  121.4+- 10.5  120.6+- 10.5  116.9+-  6.9   19.0+-  1.6   75.6+-  5.4   12.3+-  1.0   65.2+-  5.3
 7 2664.3+-122.9   99.7+-  6.2   98.4+-  6.2   98.9+-  6.4   98.1+-  6.4   97.2+-  4.7   16.0+-  1.1   69.4+-  4.4    8.8+-  0.6   57.3+-  3.8
 8 2828.0+-165.2   86.5+-  7.9   84.4+-  7.8   83.5+-  7.9   82.4+-  7.8  116.4+-  4.8   15.7+-  1.3   57.5+-  4.2    6.1+-  0.7   36.2+-  3.8
 9 3280.6+-169.1   95.1+-  6.2   93.7+-  6.1   92.8+-  6.2   91.5+-  6.0  122.2+-  6.0   18.4+-  1.4   54.8+-  3.9    6.0+-  0.5   32.7+-  2.9
10 3266.1+- 89.2   52.4+-  3.2   49.9+-  3.1   45.9+-  3.0   44.7+-  2.9   88.9+-  2.4   20.9+-  1.0   37.0+-  1.5    3.0+-  0.2   14.6+-  1.1
11 3339.5+- 82.4   69.4+-  3.2   67.5+-  3.1   65.3+-  3.3   64.2+-  3.3  106.8+-  4.8   21.8+-  1.1   46.4+-  2.7    3.8+-  0.2   24.1+-  1.6
12 3485.8+-141.4   63.0+-  3.2   62.0+-  3.1   62.7+-  3.2   61.9+-  3.2  124.2+-  7.1   34.6+-  2.0   58.2+-  4.2    4.6+-  0.3   26.4+-  1.8
13 3362.4+-153.0  106.0+-  7.2  104.6+-  7.1  108.4+-  7.3  107.0+-  7.2  133.9+-  6.9   25.1+-  1.7   60.6+-  4.3    6.1+-  0.4   32.7+-  2.6
14 3402.9+- 89.9   58.5+-  3.8   57.3+-  3.7   58.0+-  3.7   57.1+-  3.7   64.4+-  4.6   21.0+-  1.3   34.9+-  2.3    3.2+-  0.3   13.2+-  1.2

replica noise of the model error delta = M - D, ||delta_A - delta_B|| / (sqrt2 ||D||), per column
 0      0.0624      0.0486      0.0489      0.0489      0.0489      0.0487      0.0307      0.0487      0.0301      0.0484
 1      0.0416      0.0283      0.0288      0.0288      0.0288      0.0288      0.0171      0.0288      0.0164      0.0282
 2      0.0333      0.0211      0.0216      0.0216      0.0216      0.0215      0.0134      0.0214      0.0126      0.0209
 3      0.0265      0.0150      0.0155      0.0155      0.0155      0.0155      0.0098      0.0154      0.0089      0.0149
 4      0.0205      0.0111      0.0115      0.0115      0.0115      0.0116      0.0072      0.0114      0.0064      0.0108
 5      0.0196      0.0106      0.0112      0.0112      0.0112      0.0112      0.0070      0.0110      0.0061      0.0103
 6      0.0174      0.0087      0.0091      0.0091      0.0091      0.0092      0.0058      0.0090      0.0051      0.0085
 7      0.0159      0.0076      0.0079      0.0079      0.0079      0.0081      0.0053      0.0080      0.0045      0.0074
 8      0.0127      0.0057      0.0059      0.0059      0.0059      0.0064      0.0040      0.0060      0.0033      0.0055
 9      0.0111      0.0047      0.0050      0.0050      0.0050      0.0053      0.0034      0.0049      0.0028      0.0044
10      0.0102      0.0034      0.0038      0.0038      0.0038      0.0045      0.0028      0.0037      0.0021      0.0031
11      0.0079      0.0032      0.0034      0.0034      0.0034      0.0037      0.0027      0.0034      0.0020      0.0030
12      0.0090      0.0029      0.0031      0.0031      0.0031      0.0035      0.0026      0.0033      0.0019      0.0028
13      0.0104      0.0037      0.0040      0.0040      0.0040      0.0042      0.0029      0.0038      0.0022      0.0033
14      0.0083      0.0023      0.0025      0.0025      0.0025      0.0029      0.0019      0.0026      0.0014      0.0022
