
w128_s770000_r1.npz: width 128, N = 500000  (single replica, within-sample eps)
 l      memless         wick        herm2        herm3        herm4 closure_noK4      closure  closure_reg          fit      fit_reg  fit coefficients B0..B6
 0       0.2793       0.0452       0.0452       0.0443       0.0443       0.0442       0.0277       0.0442       0.0277       0.0442  -0.00 +3.39 +93.58 +120.43 +0.91 -119.80 +1.48
 1       0.4448       0.0802       0.0801       0.0808       0.0808       0.0701       0.0317       0.0616       0.0312       0.0615  -0.00 +3.01 +3.09 +0.43 +0.94 +1.44 +1.45
 2       0.4840       0.0831       0.0829       0.0835       0.0834       0.0725       0.0283       0.0621       0.0267       0.0607  -0.00 +2.94 +2.89 +0.33 +0.89 +1.30 +1.36
 3       0.4483       0.0799       0.0794       0.0789       0.0787       0.0691       0.0259       0.0564       0.0228       0.0546  -0.01 +3.00 +2.81 +0.26 +0.87 +1.22 +1.34
 4       0.4980       0.1005       0.0998       0.1005       0.1000       0.0856       0.0338       0.0667       0.0262       0.0619  -0.00 +2.83 +2.74 +0.10 +0.61 +1.28 +1.31
 5       0.5249       0.1049       0.1045       0.1058       0.1055       0.0992       0.0403       0.0804       0.0340       0.0762  -0.01 +3.10 +2.78 +0.12 +0.89 +1.09 +1.30
 6       0.4774       0.0984       0.0976       0.0982       0.0979       0.0921       0.0384       0.0758       0.0296       0.0708  -0.01 +2.95 +2.74 +0.11 +0.69 +0.91 +1.26
 7       0.5340       0.0948       0.0941       0.0957       0.0952       0.1059       0.0368       0.0689       0.0247       0.0561  -0.00 +2.86 +2.70 -0.04 +0.45 +1.15 +1.23
 8       0.5535       0.0873       0.0867       0.0876       0.0872       0.1070       0.0446       0.0678       0.0271       0.0550  -0.01 +2.56 +2.61 -0.02 +0.63 +0.43 +1.19
 9       0.5344       0.0988       0.0979       0.0986       0.0976       0.1110       0.0489       0.0774       0.0259       0.0604  -0.00 +2.98 +2.58 -0.08 +0.48 +1.07 +1.22
10       0.5725       0.0996       0.0978       0.0971       0.0962       0.1146       0.0500       0.0688       0.0218       0.0496  +0.00 +2.94 +2.50 -0.02 +0.45 +1.09 +1.20
11       0.5755       0.0895       0.0885       0.0882       0.0874       0.1015       0.0501       0.0657       0.0193       0.0408  -0.01 +2.66 +2.47 -0.19 +0.74 +0.25 +1.16
12       0.6120       0.0923       0.0918       0.0921       0.0918       0.1217       0.0576       0.0780       0.0244       0.0518  -0.01 +2.57 +2.67 -0.16 +0.28 +0.63 +1.25
13       0.5768       0.0697       0.0690       0.0688       0.0684       0.0979       0.0464       0.0595       0.0166       0.0337  +0.00 +2.18 +2.52 -0.14 +0.32 +0.40 +1.16
14       0.5969       0.0937       0.0931       0.0941       0.0936       0.1056       0.0708       0.0783       0.0203       0.0412  -0.01 +2.27 +2.45 -0.21 +0.31 +0.50 +1.05

pair w128_s770000_r1.npz | w128_s770000_r2.npz: noise-corrected eps of D21(l+1)
  _xc = model from A vs target B, target noise subtracted (oracle_k3 --pair convention)
  _cp = replica cross-product <M_A-D_A, M_B-D_B>/<D_A,D_B> (model and target noise removed)
 l  noise    B0n    B6n |     memless        wick       herm2       herm3       herm4 closure_noK     closure closure_reg         fit     fit_reg closure_noB closure_reg closure_pro closure_reg | xc:     memless        wick       herm2       herm3       herm4 closure_noK     closure closure_reg         fit     fit_reg closure_noB closure_reg closure_pro closure_reg
 0 0.0617 0.0366 0.0236 |      0.2734      0.0086      0.0085     -0.0029     -0.0032     -0.0028      0.0004     -0.0027     -0.0013     -0.0027     -0.0034      0.0015     -0.0035      0.0020 | xc:      0.2732      0.0443      0.0443      0.0435      0.0435      0.0437      0.0555      0.0437      0.0551      0.0438      0.0414      0.0237      0.0412      0.0237  coefA -0.00 +3.39 +93.58 +120.43 +0.91 -119.80 +1.48
 1 0.0417 0.0272 0.0149 |      0.4435      0.0753      0.0750      0.0758      0.0757      0.0644      0.0275      0.0554      0.0269      0.0554      0.3634      0.3697      0.3570      0.3623 | xc:      0.4434      0.0801      0.0800      0.0808      0.0808      0.0701      0.0481      0.0627      0.0468      0.0627      0.3648      0.3701      0.3586      0.3628  coefA -0.00 +3.01 +3.09 +0.43 +0.94 +1.44 +1.45
 2 0.0302 0.0220 0.0100 |      0.4833      0.0814      0.0812      0.0818      0.0817      0.0703      0.0263      0.0597      0.0245      0.0582      0.3833      0.3979      0.3578      0.3717 | xc:      0.4830      0.0860      0.0858      0.0863      0.0862      0.0746      0.0396      0.0648      0.0377      0.0641      0.3831      0.3974      0.3585      0.3711  coefA -0.00 +2.94 +2.89 +0.33 +0.89 +1.30 +1.36
 3 0.0212 0.0156 0.0069 |      0.4482      0.0792      0.0787      0.0782      0.0780      0.0679      0.0251      0.0552      0.0220      0.0535      0.3576      0.3726      0.3068      0.3220 | xc:      0.4483      0.0819      0.0813      0.0808      0.0806      0.0696      0.0327      0.0578      0.0300      0.0565      0.3578      0.3727      0.3087      0.3227  coefA -0.01 +3.00 +2.81 +0.26 +0.87 +1.22 +1.34
 4 0.0202 0.0152 0.0064 |      0.4983      0.1004      0.0996      0.1003      0.0997      0.0850      0.0335      0.0663      0.0258      0.0615      0.4176      0.4306      0.3598      0.3680 | xc:      0.4988      0.1021      0.1014      0.1020      0.1015      0.0865      0.0399      0.0690      0.0334      0.0645      0.4178      0.4310      0.3602      0.3686  coefA -0.00 +2.83 +2.74 +0.10 +0.61 +1.28 +1.31
 5 0.0180 0.0138 0.0060 |      0.5249      0.1048      0.1044      0.1057      0.1054      0.0990      0.0402      0.0803      0.0338      0.0761      0.4005      0.4263      0.3407      0.3628 | xc:      0.5248      0.1056      0.1053      0.1067      0.1064      0.1000      0.0446      0.0817      0.0385      0.0775      0.4006      0.4263      0.3406      0.3626  coefA -0.01 +3.10 +2.78 +0.12 +0.89 +1.09 +1.30
 6 0.0155 0.0117 0.0049 |      0.4770      0.0987      0.0978      0.0983      0.0980      0.0919      0.0383      0.0754      0.0295      0.0706      0.3979      0.4171      0.3390      0.3498 | xc:      0.4767      0.1003      0.0994      0.0997      0.0993      0.0917      0.0409      0.0757      0.0330      0.0716      0.3974      0.4167      0.3388      0.3495  coefA -0.01 +2.95 +2.74 +0.11 +0.69 +0.91 +1.26
 7 0.0117 0.0093 0.0038 |      0.5339      0.0947      0.0941      0.0956      0.0951      0.1056      0.0368      0.0688      0.0246      0.0560      0.4581      0.4865      0.3001      0.3124 | xc:      0.5336      0.0959      0.0953      0.0967      0.0962      0.1058      0.0394      0.0696      0.0279      0.0575      0.4575      0.4862      0.2997      0.3119  coefA -0.00 +2.86 +2.70 -0.04 +0.45 +1.15 +1.23
 8 0.0102 0.0083 0.0032 |      0.5532      0.0872      0.0865      0.0875      0.0870      0.1066      0.0446      0.0678      0.0271      0.0549      0.5051      0.5183      0.3120      0.3170 | xc:      0.5530      0.0873      0.0868      0.0879      0.0874      0.1071      0.0458      0.0680      0.0285      0.0552      0.5045      0.5176      0.3115      0.3165  coefA -0.01 +2.56 +2.61 -0.02 +0.63 +0.43 +1.19
 9 0.0092 0.0075 0.0032 |      0.5338      0.0988      0.0978      0.0985      0.0975      0.1110      0.0491      0.0774      0.0260      0.0604      0.4969      0.5107      0.3530      0.3524 | xc:      0.5331      0.0980      0.0970      0.0977      0.0967      0.1101      0.0495      0.0767      0.0267      0.0596      0.4957      0.5098      0.3518      0.3521  coefA -0.00 +2.98 +2.58 -0.08 +0.48 +1.07 +1.22
10 0.0092 0.0070 0.0032 |      0.5724      0.0992      0.0975      0.0968      0.0959      0.1148      0.0500      0.0688      0.0218      0.0494      0.5348      0.5454      0.3657      0.3764 | xc:      0.5722      0.0989      0.0971      0.0964      0.0955      0.1142      0.0513      0.0695      0.0231      0.0499      0.5352      0.5458      0.3666      0.3767  coefA +0.00 +2.94 +2.50 -0.02 +0.45 +1.09 +1.20
11 0.0107 0.0086 0.0030 |      0.5754      0.0896      0.0886      0.0883      0.0875      0.1015      0.0501      0.0655      0.0192      0.0406      0.5557      0.5713      0.3083      0.3151 | xc:      0.5753      0.0863      0.0853      0.0848      0.0841      0.1011      0.0518      0.0668      0.0221      0.0411      0.5558      0.5714      0.3086      0.3156  coefA -0.01 +2.66 +2.47 -0.19 +0.74 +0.25 +1.16
12 0.0094 0.0074 0.0032 |      0.6109      0.0925      0.0920      0.0924      0.0920      0.1220      0.0580      0.0785      0.0245      0.0518      0.5994      0.6173      0.4199      0.4298 | xc:      0.6095      0.0921      0.0916      0.0920      0.0916      0.1210      0.0585      0.0775      0.0271      0.0522      0.5974      0.6155      0.4166      0.4267  coefA -0.01 +2.57 +2.67 -0.16 +0.28 +0.63 +1.25
13 0.0075 0.0058 0.0024 |      0.5764      0.0699      0.0691      0.0690      0.0685      0.0978      0.0467      0.0597      0.0166      0.0336      0.5741      0.5871      0.3079      0.3115 | xc:      0.5762      0.0696      0.0688      0.0686      0.0681      0.0963      0.0469      0.0593      0.0182      0.0342      0.5735      0.5866      0.3084      0.3116  coefA +0.00 +2.18 +2.52 -0.14 +0.32 +0.40 +1.16
14 0.0073 0.0059 0.0023 |      0.5966      0.0936      0.0930      0.0940      0.0936      0.1054      0.0709      0.0784      0.0203      0.0412      0.6231      0.6326      0.3557      0.3554 | xc:      0.5961      0.0950      0.0944      0.0954      0.0949      0.1055      0.0710      0.0785      0.0220      0.0425      0.6226      0.6320      0.3552      0.3545  coefA -0.01 +2.27 +2.45 -0.21 +0.31 +0.50 +1.05

cross-product eps^2 x 1e4 +- jackknife standard error (32 column blocks)
 0  747.2+- 40.6    0.7+-  0.2    0.7+-  0.2   -0.1+-  0.2   -0.1+-  0.2   -0.1+-  0.2    0.0+-  0.1   -0.1+-  0.2   -0.0+-  0.1   -0.1+-  0.2   -0.1+-  0.2    0.0+-  0.2   -0.1+-  0.2    0.0+-  0.2
 1 1966.7+-128.7   56.6+-  3.8   56.2+-  3.8   57.4+-  3.9   57.4+-  3.9   41.4+-  2.6    7.6+-  0.5   30.7+-  2.1    7.2+-  0.5   30.7+-  2.1 1320.4+- 91.7 1366.6+- 94.3 1274.5+- 89.3 1313.0+- 91.3
 2 2336.2+-110.0   66.2+-  3.5   65.9+-  3.5   67.0+-  3.6   66.8+-  3.6   49.4+-  2.2    6.9+-  0.4   35.6+-  1.8    6.0+-  0.3   33.9+-  1.8 1469.0+- 74.9 1582.9+- 79.8 1280.2+- 69.7 1381.3+- 73.0
 3 2008.9+-123.5   62.7+-  4.8   62.0+-  4.8   61.2+-  4.9   60.9+-  4.9   46.1+-  3.2    6.3+-  0.6   30.5+-  2.6    4.8+-  0.4   28.6+-  2.5 1278.5+- 84.6 1388.5+- 90.3  941.4+- 75.4 1037.1+- 78.8
 4 2483.2+-182.9  100.8+-  9.8   99.2+-  9.8  100.6+- 10.4   99.5+- 10.3   72.2+-  5.6   11.2+-  1.0   43.9+-  3.7    6.7+-  0.6   37.8+-  3.5 1744.2+-130.8 1854.2+-136.8 1294.6+-107.2 1354.0+-112.5
 5 2755.0+-202.1  109.8+-  7.6  109.0+-  7.6  111.8+-  8.1  111.2+-  8.0   98.1+-  5.6   16.2+-  1.3   64.5+-  4.7   11.5+-  0.9   57.9+-  4.2 1603.9+-133.1 1817.1+-147.1 1161.1+-109.0 1316.0+-119.1
 6 2275.1+-146.5   97.5+-  6.3   95.6+-  6.2   96.7+-  6.5   96.1+-  6.4   84.4+-  4.5   14.7+-  1.0   56.9+-  3.5    8.7+-  0.5   49.9+-  3.4 1583.5+-112.6 1739.9+-116.9 1149.2+- 95.9 1223.3+- 96.0
 7 2850.2+-142.7   89.6+-  7.3   88.5+-  7.3   91.4+-  7.9   90.5+-  7.8  111.5+-  5.2   13.5+-  1.3   47.3+-  3.9    6.1+-  0.6   31.3+-  3.2 2098.2+-117.8 2366.4+-126.0  900.6+- 90.6  975.7+- 95.2
 8 3060.5+-119.4   76.0+-  6.1   74.9+-  6.1   76.6+-  6.3   75.8+-  6.2  113.7+-  4.0   19.9+-  1.6   46.0+-  3.2    7.4+-  0.6   30.2+-  2.4 2551.5+-127.0 2685.8+-133.6  973.4+- 73.9 1004.6+- 76.2
 9 2849.4+-155.3   97.6+-  6.8   95.7+-  6.7   97.1+-  7.0   95.2+-  6.8  123.3+-  6.3   24.1+-  1.9   60.0+-  4.6    6.8+-  0.5   36.4+-  3.1 2468.8+-155.1 2608.3+-163.6 1245.8+- 90.0 1242.1+- 93.7
10 3276.3+-134.2   98.4+-  8.5   95.0+-  8.1   93.7+-  7.9   91.9+-  7.7  131.9+-  7.6   25.0+-  2.0   47.4+-  4.9    4.7+-  0.5   24.4+-  3.0 2860.1+-122.1 2974.6+-130.9 1337.2+-104.2 1416.5+-111.1
11 3310.7+-144.2   80.3+-  4.7   78.5+-  4.7   77.9+-  4.7   76.5+-  4.6  103.0+-  5.5   25.1+-  1.5   42.9+-  3.2    3.7+-  0.4   16.5+-  1.7 3087.6+-134.3 3264.4+-141.6  950.7+- 71.4  992.9+- 71.9
12 3731.9+-152.0   85.7+-  6.9   84.7+-  6.8   85.4+-  6.8   84.7+-  6.8  148.9+-  9.2   33.7+-  3.2   61.5+-  5.7    6.0+-  0.6   26.9+-  2.8 3592.5+-180.8 3810.3+-182.2 1763.1+-116.7 1847.0+-116.2
13 3322.6+-124.5   48.8+-  3.9   47.8+-  3.9   47.6+-  3.8   46.9+-  3.7   95.6+-  5.0   21.8+-  1.6   35.6+-  2.7    2.7+-  0.3   11.3+-  1.3 3295.6+-128.3 3447.0+-135.0  948.2+- 70.4  970.3+- 73.9
14 3559.3+-121.5   87.7+-  5.1   86.5+-  5.0   88.4+-  5.2   87.5+-  5.1  111.1+-  6.5   50.2+-  3.6   61.5+-  4.5    4.1+-  0.4   17.0+-  1.7 3882.4+-138.1 4001.7+-143.8 1265.0+- 69.1 1263.3+- 69.3

old content: share ||T(B0)||/||D21||, held-out R^2 of T(B0) on the transported births (exact / regenerated k4)
 0 share 0.036  projR2 -0.059 -0.050  beta +0.00 +1.05 -1.05 -0.03 +0.33 -496.91 +504.11 -278.78 +0.01
 1 share 0.365  projR2 0.032 0.033  beta -0.01 -4.13 +4.17 +0.61 -1.88 -7.52 -4.19 -2.31 +0.18
 2 share 0.384  projR2 0.131 0.116  beta +0.01 -2.14 +2.20 -0.56 +0.76 -7.93 -4.82 +4.50 +1.00
 3 share 0.361  projR2 0.265 0.249  beta -0.01 -4.60 +4.59 +1.34 +0.52 -8.97 -3.66 +3.51 +1.57
 4 share 0.416  projR2 0.247 0.246  beta -0.01 -7.39 +7.55 +1.31 -1.23 -6.75 -2.97 +0.39 +0.55
 5 share 0.405  projR2 0.284 0.266  beta -0.01 -2.54 +2.58 +1.29 +0.41 -8.22 -2.26 +3.24 +1.10
 6 share 0.397  projR2 0.270 0.267  beta -0.01 -3.14 +3.21 +0.82 +0.76 -7.73 -3.28 +1.64 +0.41
 7 share 0.454  projR2 0.562 0.558  beta +0.01 -7.73 +8.09 -0.15 -1.78 -8.23 -6.35 +2.18 +0.86
 8 share 0.489  projR2 0.592 0.592  beta -0.00 -9.96 +10.39 +1.14 -4.06 -8.04 -6.42 -0.82 +0.14
 9 share 0.482  projR2 0.468 0.475  beta +0.02 -11.46 +11.85 +1.55 -1.92 -7.68 -4.29 -1.33 +0.05
10 share 0.512  projR2 0.499 0.491  beta +0.04 -7.89 +8.49 +1.21 -1.37 -5.01 -5.61 +1.59 +0.94
11 share 0.533  projR2 0.662 0.659  beta +0.02 -25.13 +25.97 -1.42 -1.74 -9.16 -4.71 +10.02 +0.83
12 share 0.576  projR2 0.469 0.465  beta -0.04 -4.87 +4.90 -0.79 +2.64 -4.44 -6.25 +9.55 +2.05
13 share 0.548  projR2 0.688 0.688  beta +0.03 -23.28 +24.15 +0.57 -0.58 -8.14 -8.12 +5.01 +0.95
14 share 0.587  projR2 0.643 0.642  beta -0.04 -17.18 +17.88 +0.07 -6.08 -9.81 -6.03 -3.64 -0.17

replica noise of the model error delta = M - D, ||delta_A - delta_B|| / (sqrt2 ||D||), per column
 0      0.0582      0.0449      0.0454      0.0454      0.0454      0.0452      0.0286      0.0452      0.0280      0.0447      0.0464      0.0580      0.0460      0.0575
 1      0.0380      0.0263      0.0268      0.0268      0.0268      0.0267      0.0164      0.0267      0.0157      0.0262      0.0314      0.0380      0.0393      0.0445
 2      0.0276      0.0166      0.0171      0.0171      0.0171      0.0170      0.0108      0.0170      0.0101      0.0164      0.0240      0.0278      0.0289      0.0310
 3      0.0195      0.0107      0.0111      0.0111      0.0111      0.0112      0.0070      0.0111      0.0063      0.0105      0.0164      0.0198      0.0261      0.0253
 4      0.0186      0.0095      0.0100      0.0100      0.0100      0.0101      0.0062      0.0099      0.0054      0.0092      0.0162      0.0190      0.0300      0.0316
 5      0.0168      0.0089      0.0094      0.0094      0.0094      0.0094      0.0060      0.0093      0.0052      0.0087      0.0144      0.0171      0.0182      0.0194
 6      0.0141      0.0069      0.0073      0.0073      0.0073      0.0075      0.0048      0.0073      0.0041      0.0067      0.0123      0.0145      0.0168      0.0184
 7      0.0107      0.0049      0.0051      0.0051      0.0051      0.0053      0.0035      0.0050      0.0029      0.0046      0.0095      0.0111      0.0190      0.0197
 8      0.0093      0.0040      0.0043      0.0043      0.0043      0.0044      0.0031      0.0043      0.0025      0.0038      0.0084      0.0100      0.0214      0.0225
 9      0.0083      0.0037      0.0037      0.0037      0.0037      0.0038      0.0032      0.0037      0.0024      0.0034      0.0078      0.0087      0.0238      0.0225
10      0.0081      0.0034      0.0035      0.0035      0.0035      0.0038      0.0029      0.0035      0.0020      0.0031      0.0070      0.0082      0.0173      0.0191
11      0.0092      0.0029      0.0030      0.0030      0.0030      0.0033      0.0027      0.0029      0.0020      0.0026      0.0079      0.0096      0.0314      0.0335
12      0.0083      0.0031      0.0032      0.0032      0.0032      0.0036      0.0030      0.0036      0.0021      0.0031      0.0072      0.0084      0.0150      0.0162
13      0.0064      0.0026      0.0026      0.0026      0.0026      0.0027      0.0023      0.0024      0.0016      0.0021      0.0060      0.0065      0.0258      0.0243
14      0.0062      0.0022      0.0023      0.0023      0.0023      0.0025      0.0022      0.0025      0.0015      0.0021      0.0060      0.0064      0.0199      0.0190
