
w256_s770000_r1.npz: width 256, N = 1000000  (single replica, within-sample eps)
 l      memless         wick        herm2        herm3        herm4 closure_noK4      closure  closure_reg          fit      fit_reg  fit coefficients B0..B6
 0       0.2792       0.0619       0.0619       0.0617       0.0617       0.0616       0.0380       0.0616       0.0380       0.0616  -0.00 +2.86 -227.16 -148.58 +0.92 -170.79 +1.49
 1       0.4649       0.0660       0.0659       0.0662       0.0662       0.0599       0.0290       0.0550       0.0289       0.0549  -0.00 +3.00 +3.03 +0.43 +1.01 +1.37 +1.47
 2       0.4587       0.0666       0.0665       0.0674       0.0674       0.0588       0.0230       0.0515       0.0225       0.0511  -0.00 +3.03 +2.99 +0.41 +0.92 +1.49 +1.44
 3       0.4640       0.0686       0.0685       0.0690       0.0689       0.0564       0.0209       0.0476       0.0195       0.0467  -0.00 +3.06 +2.89 +0.21 +0.87 +1.39 +1.38
 4       0.4393       0.0673       0.0671       0.0669       0.0668       0.0562       0.0187       0.0439       0.0171       0.0428  -0.00 +2.98 +2.86 +0.15 +0.81 +1.41 +1.38
 5       0.4488       0.0627       0.0624       0.0624       0.0622       0.0574       0.0194       0.0431       0.0158       0.0400  -0.00 +2.95 +2.77 +0.07 +0.70 +1.15 +1.35
 6       0.4806       0.0690       0.0688       0.0688       0.0687       0.0564       0.0217       0.0449       0.0172       0.0423  -0.00 +3.04 +2.87 +0.07 +0.76 +1.16 +1.31
 7       0.5007       0.0680       0.0677       0.0676       0.0674       0.0570       0.0206       0.0450       0.0160       0.0423  -0.00 +2.97 +2.82 +0.05 +0.80 +1.15 +1.35
 8       0.4907       0.0744       0.0741       0.0745       0.0742       0.0611       0.0257       0.0503       0.0193       0.0462  -0.00 +2.88 +2.74 +0.03 +0.80 +0.86 +1.27
 9       0.5419       0.0697       0.0695       0.0700       0.0697       0.0647       0.0253       0.0501       0.0174       0.0450  +0.00 +2.84 +2.73 -0.03 +0.74 +0.95 +1.28
10       0.5334       0.0699       0.0696       0.0695       0.0692       0.0642       0.0255       0.0458       0.0164       0.0414  +0.01 +2.82 +2.85 +0.06 +0.65 +0.85 +1.24
11       0.5172       0.0738       0.0735       0.0740       0.0738       0.0670       0.0269       0.0508       0.0172       0.0446  -0.00 +2.94 +2.72 +0.00 +0.67 +0.57 +1.24
12       0.5308       0.0685       0.0683       0.0679       0.0678       0.0683       0.0263       0.0493       0.0181       0.0445  +0.00 +2.76 +2.77 +0.04 +0.71 +0.90 +1.26
13       0.5160       0.0777       0.0775       0.0780       0.0778       0.0739       0.0287       0.0596       0.0205       0.0532  +0.00 +2.97 +2.76 +0.06 +0.57 +0.86 +1.27
14       0.5447       0.0843       0.0840       0.0842       0.0839       0.0686       0.0288       0.0570       0.0194       0.0531  -0.00 +2.94 +2.76 +0.02 +0.70 +1.02 +1.21

pair w256_s770000_r1.npz | w256_s770000_r2.npz: noise-corrected eps of D21(l+1)
  _xc = model from A vs target B, target noise subtracted (oracle_k3 --pair convention)
  _cp = replica cross-product <M_A-D_A, M_B-D_B>/<D_A,D_B> (model and target noise removed)
 l  noise    B0n    B6n |     memless        wick       herm2       herm3       herm4 closure_noK     closure closure_reg         fit     fit_reg closure_noB closure_reg closure_pro closure_reg | xc:     memless        wick       herm2       herm3       herm4 closure_noK     closure closure_reg         fit     fit_reg closure_noB closure_reg closure_pro closure_reg
 0 0.0827 0.0503 0.0328 |      0.2685      0.0073      0.0070      0.0039      0.0039      0.0041      0.0018      0.0040      0.0016      0.0043     -0.0049     -0.0032     -0.0051     -0.0039 | xc:      0.2687      0.0554      0.0554      0.0551      0.0551      0.0552      0.0741      0.0552      0.0737      0.0553      0.0539      0.0218      0.0540      0.0220  coefA -0.00 +2.86 -227.16 -148.58 +0.92 -170.79 +1.49
 1 0.0560 0.0390 0.0203 |      0.4627      0.0550      0.0550      0.0554      0.0554      0.0475      0.0197      0.0413      0.0196      0.0412      0.3807      0.3851      0.3757      0.3804 | xc:      0.4624      0.0696      0.0695      0.0699      0.0699      0.0636      0.0566      0.0591      0.0562      0.0592      0.3823      0.3853      0.3789      0.3807  coefA -0.00 +3.00 +3.03 +0.43 +1.01 +1.37 +1.47
 2 0.0402 0.0298 0.0135 |      0.4581      0.0622      0.0621      0.0630      0.0630      0.0538      0.0186      0.0458      0.0181      0.0454      0.3658      0.3737      0.3523      0.3613 | xc:      0.4587      0.0700      0.0700      0.0709      0.0708      0.0629      0.0432      0.0563      0.0425      0.0561      0.3667      0.3743      0.3544      0.3618  coefA -0.00 +3.03 +2.99 +0.41 +0.92 +1.49 +1.44
 3 0.0310 0.0242 0.0100 |      0.4636      0.0664      0.0664      0.0669      0.0668      0.0537      0.0184      0.0445      0.0170      0.0435      0.3854      0.3952      0.3534      0.3634 | xc:      0.4639      0.0710      0.0709      0.0714      0.0712      0.0591      0.0355      0.0509      0.0341      0.0503      0.3855      0.3951      0.3544      0.3634  coefA -0.00 +3.06 +2.89 +0.21 +0.87 +1.39 +1.38
 4 0.0236 0.0191 0.0071 |      0.4391      0.0664      0.0662      0.0660      0.0659      0.0550      0.0174      0.0424      0.0158      0.0412      0.3696      0.3779      0.3303      0.3359 | xc:      0.4393      0.0683      0.0681      0.0680      0.0679      0.0585      0.0295      0.0468      0.0281      0.0456      0.3698      0.3780      0.3308      0.3358  coefA -0.00 +2.98 +2.86 +0.15 +0.81 +1.41 +1.38
 5 0.0215 0.0178 0.0058 |      0.4488      0.0620      0.0618      0.0618      0.0617      0.0566      0.0187      0.0421      0.0150      0.0390      0.3948      0.4040      0.3406      0.3474 | xc:      0.4489      0.0652      0.0650      0.0648      0.0647      0.0591      0.0280      0.0459      0.0254      0.0433      0.3950      0.4041      0.3415      0.3477  coefA -0.00 +2.95 +2.77 +0.07 +0.70 +1.15 +1.35
 6 0.0187 0.0158 0.0052 |      0.4806      0.0685      0.0683      0.0683      0.0681      0.0558      0.0211      0.0441      0.0166      0.0415      0.4300      0.4376      0.3817      0.3854 | xc:      0.4808      0.0704      0.0702      0.0702      0.0700      0.0579      0.0282      0.0469      0.0247      0.0444      0.4303      0.4377      0.3822      0.3859  coefA -0.00 +3.04 +2.87 +0.07 +0.76 +1.16 +1.31
 7 0.0171 0.0144 0.0044 |      0.5009      0.0676      0.0674      0.0673      0.0671      0.0568      0.0202      0.0445      0.0155      0.0417      0.4457      0.4545      0.3768      0.3835 | xc:      0.5013      0.0688      0.0685      0.0684      0.0682      0.0590      0.0260      0.0473      0.0224      0.0445      0.4464      0.4550      0.3777      0.3841  coefA -0.00 +2.97 +2.82 +0.05 +0.80 +1.15 +1.35
 8 0.0157 0.0134 0.0041 |      0.4910      0.0741      0.0739      0.0743      0.0740      0.0607      0.0255      0.0500      0.0190      0.0458      0.4481      0.4563      0.3731      0.3770 | xc:      0.4914      0.0761      0.0758      0.0762      0.0760      0.0623      0.0299      0.0520      0.0245      0.0481      0.4485      0.4567      0.3736      0.3775  coefA -0.00 +2.88 +2.74 +0.03 +0.80 +0.86 +1.27
 9 0.0135 0.0114 0.0037 |      0.5421      0.0694      0.0692      0.0697      0.0695      0.0644      0.0250      0.0497      0.0171      0.0447      0.5130      0.5205      0.3785      0.3813 | xc:      0.5423      0.0696      0.0694      0.0698      0.0696      0.0651      0.0290      0.0512      0.0216      0.0459      0.5135      0.5209      0.3793      0.3821  coefA +0.00 +2.84 +2.73 -0.03 +0.74 +0.95 +1.28
10 0.0119 0.0105 0.0029 |      0.5336      0.0698      0.0694      0.0693      0.0691      0.0642      0.0254      0.0457      0.0163      0.0413      0.5170      0.5228      0.4110      0.4114 | xc:      0.5338      0.0716      0.0712      0.0711      0.0709      0.0651      0.0271      0.0471      0.0195      0.0431      0.5173      0.5230      0.4116      0.4120  coefA +0.01 +2.82 +2.85 +0.06 +0.65 +0.85 +1.24
11 0.0127 0.0110 0.0028 |      0.5174      0.0736      0.0733      0.0738      0.0736      0.0665      0.0267      0.0504      0.0170      0.0443      0.4898      0.4994      0.3865      0.3885 | xc:      0.5177      0.0743      0.0740      0.0744      0.0741      0.0660      0.0297      0.0509      0.0207      0.0450      0.4902      0.4997      0.3872      0.3890  coefA -0.00 +2.94 +2.72 +0.00 +0.67 +0.57 +1.24
12 0.0119 0.0099 0.0027 |      0.5306      0.0686      0.0682      0.0679      0.0677      0.0679      0.0262      0.0491      0.0179      0.0444      0.4954      0.5020      0.3880      0.3884 | xc:      0.5304      0.0690      0.0687      0.0683      0.0681      0.0668      0.0280      0.0491      0.0204      0.0448      0.4951      0.5017      0.3878      0.3884  coefA +0.00 +2.76 +2.77 +0.04 +0.71 +0.90 +1.26
13 0.0126 0.0105 0.0028 |      0.5156      0.0776      0.0774      0.0778      0.0777      0.0737      0.0287      0.0593      0.0204      0.0530      0.4811      0.4906      0.4163      0.4231 | xc:      0.5153      0.0780      0.0778      0.0782      0.0781      0.0733      0.0306      0.0598      0.0231      0.0537      0.4807      0.4904      0.4162      0.4231  coefA +0.00 +2.97 +2.76 +0.06 +0.57 +0.86 +1.27
14 0.0109 0.0091 0.0026 |      0.5446      0.0843      0.0840      0.0842      0.0839      0.0685      0.0286      0.0569      0.0192      0.0529      0.5197      0.5325      0.3790      0.3855 | xc:      0.5445      0.0846      0.0843      0.0846      0.0842      0.0687      0.0312      0.0573      0.0224      0.0536      0.5194      0.5322      0.3787      0.3852  coefA -0.00 +2.94 +2.76 +0.02 +0.70 +1.02 +1.21

cross-product eps^2 x 1e4 +- jackknife standard error (32 column blocks)
 0  720.8+- 24.6    0.5+-  0.1    0.5+-  0.1    0.2+-  0.1    0.2+-  0.1    0.2+-  0.1    0.0+-  0.1    0.2+-  0.1    0.0+-  0.1    0.2+-  0.1   -0.2+-  0.1   -0.1+-  0.2   -0.3+-  0.1   -0.1+-  0.2
 1 2141.1+- 90.6   30.3+-  1.2   30.2+-  1.2   30.7+-  1.2   30.7+-  1.2   22.6+-  0.8    3.9+-  0.2   17.1+-  0.7    3.8+-  0.2   17.0+-  0.7 1449.6+- 61.8 1482.6+- 62.5 1411.8+- 60.4 1446.7+- 61.2
 2 2098.5+- 76.2   38.6+-  1.4   38.5+-  1.4   39.7+-  1.5   39.7+-  1.5   28.9+-  1.1    3.4+-  0.1   21.0+-  0.8    3.3+-  0.1   20.6+-  0.8 1338.0+- 50.2 1396.9+- 52.1 1241.4+- 47.8 1305.0+- 50.0
 3 2149.4+-122.6   44.1+-  2.8   44.0+-  2.8   44.8+-  2.9   44.6+-  2.9   28.9+-  1.6    3.4+-  0.2   19.8+-  1.2    2.9+-  0.2   18.9+-  1.1 1485.0+- 88.9 1561.7+- 92.2 1249.1+- 79.1 1320.9+- 82.0
 4 1928.3+-109.3   44.1+-  2.4   43.8+-  2.4   43.5+-  2.4   43.4+-  2.4   30.3+-  1.6    3.0+-  0.2   18.0+-  1.1    2.5+-  0.2   17.0+-  1.1 1365.8+- 75.9 1427.8+- 79.7 1090.8+- 69.0 1128.3+- 73.4
 5 2013.9+-111.9   38.5+-  2.4   38.2+-  2.4   38.2+-  2.4   38.0+-  2.4   32.1+-  1.3    3.5+-  0.2   17.8+-  1.0    2.3+-  0.1   15.2+-  1.0 1558.3+- 87.1 1632.2+- 90.4 1160.2+- 76.5 1207.0+- 80.4
 6 2309.6+- 89.4   46.9+-  1.9   46.6+-  1.9   46.7+-  1.9   46.4+-  1.9   31.1+-  1.0    4.5+-  0.2   19.5+-  0.9    2.7+-  0.1   17.2+-  0.8 1849.0+- 69.8 1914.6+- 71.8 1456.7+- 64.6 1485.7+- 65.0
 7 2509.4+- 96.9   45.7+-  2.0   45.4+-  2.0   45.2+-  2.0   45.0+-  2.0   32.3+-  1.2    4.1+-  0.2   19.8+-  1.0    2.4+-  0.1   17.4+-  0.9 1986.5+- 80.2 2066.1+- 83.4 1419.9+- 69.8 1470.6+- 72.4
 8 2411.0+-123.1   54.9+-  3.0   54.6+-  2.9   55.2+-  3.1   54.8+-  3.0   36.9+-  1.8    6.5+-  0.3   25.0+-  1.4    3.6+-  0.2   21.0+-  1.3 2008.3+-101.6 2082.5+-105.2 1391.8+- 79.6 1421.0+- 81.1
 9 2938.7+-112.2   48.2+-  2.5   47.9+-  2.5   48.6+-  2.5   48.2+-  2.5   41.4+-  1.8    6.3+-  0.3   24.7+-  1.4    2.9+-  0.2   19.9+-  1.3 2632.2+- 93.7 2709.2+- 98.6 1432.3+- 69.2 1454.1+- 71.3
10 2847.4+-127.1   48.7+-  2.7   48.2+-  2.7   48.1+-  2.7   47.7+-  2.7   41.2+-  1.6    6.4+-  0.4   20.9+-  1.1    2.7+-  0.2   17.0+-  1.1 2672.9+-120.3 2733.3+-120.6 1689.4+- 89.0 1692.8+- 88.2
11 2677.1+-132.1   54.2+-  3.3   53.7+-  3.2   54.5+-  3.3   54.1+-  3.3   44.3+-  1.4    7.2+-  0.4   25.4+-  1.4    2.9+-  0.2   19.6+-  1.2 2398.9+-120.6 2494.2+-125.2 1494.0+- 83.9 1509.6+- 85.4
12 2815.3+-106.0   47.0+-  2.1   46.6+-  2.1   46.1+-  2.1   45.9+-  2.1   46.2+-  1.6    6.9+-  0.3   24.1+-  1.1    3.2+-  0.1   19.7+-  1.0 2454.6+- 97.5 2520.4+- 98.2 1505.6+- 78.2 1508.7+- 77.6
13 2658.1+-108.9   60.2+-  2.6   59.9+-  2.6   60.6+-  2.6   60.3+-  2.6   54.3+-  1.9    8.2+-  0.3   35.1+-  1.9    4.1+-  0.2   28.1+-  1.5 2314.1+- 87.5 2406.9+- 91.6 1733.0+- 75.6 1789.7+- 80.1
14 2965.8+-110.5   71.1+-  3.3   70.5+-  3.3   70.9+-  3.3   70.3+-  3.3   46.9+-  1.8    8.2+-  0.4   32.3+-  1.6    3.7+-  0.2   28.0+-  1.4 2700.4+-105.8 2835.2+-111.2 1436.2+- 59.1 1485.8+- 59.7

old content: share ||T(B0)||/||D21||, held-out R^2 of T(B0) on the transported births (exact / regenerated k4)
 0 share 0.050 (noise-free -0.002)  projR2 -0.009 -0.009 (noise-free -0.662)  beta +0.00 -0.54 +0.54 -0.06 -0.24 -693.42 -179.33 +127.85 +0.01
 1 share 0.382 (noise-free 0.380)  projR2 0.025 0.023 (noise-free 0.027)  beta -0.00 -0.51 +0.52 +0.55 +0.15 -7.96 -2.31 +2.04 +0.73
 2 share 0.368 (noise-free 0.367)  projR2 0.072 0.064 (noise-free 0.074)  beta +0.00 +0.44 -0.46 +0.20 +0.54 -8.34 -1.02 +3.99 +1.11
 3 share 0.387 (noise-free 0.386)  projR2 0.145 0.133 (noise-free 0.160)  beta -0.01 -10.17 +10.19 -0.83 +0.07 -8.94 -5.17 +5.03 +1.30
 4 share 0.370 (noise-free 0.370)  projR2 0.200 0.199 (noise-free 0.201)  beta -0.00 -3.05 +3.07 +0.11 -1.20 -8.64 -5.55 +6.14 +1.34
 5 share 0.393 (noise-free 0.393)  projR2 0.245 0.239 (noise-free 0.246)  beta -0.00 -2.24 +2.30 -0.28 -0.89 -8.58 -8.17 +6.89 +1.31
 6 share 0.428 (noise-free 0.428)  projR2 0.202 0.202 (noise-free 0.203)  beta +0.00 -3.88 +4.07 +0.56 +1.37 -7.57 -10.73 +0.14 +0.23
 7 share 0.444 (noise-free 0.444)  projR2 0.270 0.264 (noise-free 0.276)  beta -0.00 -13.60 +13.78 +0.94 +2.25 -9.99 -7.67 +4.65 +0.96
 8 share 0.443 (noise-free 0.443)  projR2 0.289 0.290 (noise-free 0.292)  beta -0.01 -4.45 +4.52 +0.91 -0.64 -9.52 -7.80 +0.36 +0.15
 9 share 0.504 (noise-free 0.503)  projR2 0.439 0.439 (noise-free 0.439)  beta -0.01 -7.10 +7.13 +1.34 -1.28 -12.20 -10.72 +0.21 +0.12
10 share 0.508 (noise-free 0.508)  projR2 0.354 0.357 (noise-free 0.354)  beta +0.03 -3.29 +3.18 +2.61 +0.45 -11.85 -10.90 -5.76 -0.77
11 share 0.486 (noise-free 0.486)  projR2 0.365 0.367 (noise-free 0.366)  beta -0.03 -1.62 +1.66 +1.31 -7.33 -11.44 -6.62 -3.76 -0.29
12 share 0.489 (noise-free 0.489)  projR2 0.372 0.379 (noise-free 0.375)  beta -0.03 -11.98 +12.34 -0.98 -0.37 -9.58 -11.11 +6.11 +0.70
13 share 0.475 (noise-free 0.475)  projR2 0.235 0.233 (noise-free 0.236)  beta +0.02 -1.31 +1.47 +0.37 +0.76 -6.09 -10.73 +0.57 +0.63
14 share 0.514 (noise-free 0.514)  projR2 0.460 0.462 (noise-free 0.459)  beta -0.00 -2.69 +2.73 +0.49 -2.23 -13.09 -8.34 +3.87 +0.29

replica noise of the model error delta = M - D, ||delta_A - delta_B|| / (sqrt2 ||D||), per column
 0      0.0801      0.0618      0.0621      0.0621      0.0621      0.0620      0.0384      0.0620      0.0379      0.0617      0.0634      0.0800      0.0638      0.0804
 1      0.0537      0.0364      0.0367      0.0367      0.0367      0.0366      0.0220      0.0366      0.0215      0.0363      0.0443      0.0538      0.0469      0.0543
 2      0.0383      0.0234      0.0237      0.0237      0.0237      0.0236      0.0140      0.0236      0.0135      0.0233      0.0325      0.0384      0.0352      0.0380
 3      0.0296      0.0166      0.0169      0.0169      0.0169      0.0169      0.0099      0.0168      0.0095      0.0166      0.0257      0.0298      0.0444      0.0459
 4      0.0226      0.0119      0.0121      0.0121      0.0121      0.0121      0.0073      0.0120      0.0069      0.0118      0.0201      0.0228      0.0241      0.0240
 5      0.0204      0.0093      0.0095      0.0095      0.0095      0.0095      0.0057      0.0095      0.0053      0.0092      0.0184      0.0206      0.0206      0.0216
 6      0.0177      0.0081      0.0084      0.0084      0.0084      0.0084      0.0052      0.0084      0.0047      0.0081      0.0164      0.0179      0.0197      0.0217
 7      0.0162      0.0069      0.0071      0.0071      0.0071      0.0072      0.0043      0.0071      0.0039      0.0068      0.0148      0.0164      0.0316      0.0330
 8      0.0148      0.0063      0.0065      0.0065      0.0065      0.0065      0.0041      0.0065      0.0036      0.0062      0.0137      0.0151      0.0167      0.0190
 9      0.0127      0.0055      0.0057      0.0057      0.0057      0.0057      0.0034      0.0056      0.0030      0.0054      0.0117      0.0130      0.0173      0.0183
10      0.0112      0.0043      0.0045      0.0045      0.0045      0.0045      0.0028      0.0044      0.0024      0.0042      0.0108      0.0115      0.0118      0.0132
11      0.0119      0.0041      0.0043      0.0043      0.0043      0.0044      0.0028      0.0043      0.0024      0.0040      0.0113      0.0121      0.0112      0.0126
12      0.0109      0.0039      0.0040      0.0040      0.0040      0.0042      0.0026      0.0040      0.0023      0.0038      0.0102      0.0111      0.0205      0.0186
13      0.0116      0.0041      0.0043      0.0043      0.0043      0.0044      0.0028      0.0043      0.0024      0.0039      0.0109      0.0117      0.0116      0.0119
14      0.0100      0.0036      0.0038      0.0038      0.0038      0.0038      0.0024      0.0037      0.0020      0.0035      0.0093      0.0102      0.0101      0.0119
