net 0 D21:full: raw 1.96765e-08  per-layer 6.98e-10 6.98e-10 1.85e-09 3.22e-09 4.30e-09 5.34e-09 6.65e-09 7.52e-09 8.69e-09 1.06e-08 1.13e-08 1.25e-08 1.41e-08 1.73e-08 1.74e-08 1.97e-08
net 0 D21:full: raw 1.96822e-08  per-layer 6.98e-10 6.98e-10 1.85e-09 3.22e-09 4.30e-09 5.34e-09 6.65e-09 7.50e-09 8.68e-09 1.06e-08 1.13e-08 1.25e-08 1.41e-08 1.73e-08 1.74e-08 1.97e-08
net 0 D21:h0: raw 2.08379e-08  per-layer 6.98e-10 6.98e-10 2.54e-09 4.84e-09 5.66e-09 7.12e-09 8.47e-09 8.74e-09 9.85e-09 1.18e-08 1.30e-08 1.41e-08 1.57e-08 1.85e-08 1.85e-08 2.08e-08
net 0 D21:h1: raw 2.15615e-08  per-layer 6.98e-10 6.98e-10 2.59e-09 4.58e-09 6.45e-09 7.20e-09 8.47e-09 9.49e-09 1.08e-08 1.25e-08 1.27e-08 1.36e-08 1.56e-08 1.94e-08 1.92e-08 2.16e-08
net 0 D3+D21+G4:full: raw 8.68470e-09  per-layer 6.98e-10 1.17e-09 2.17e-09 3.07e-09 3.29e-09 3.86e-09 4.60e-09 4.57e-09 4.81e-09 5.43e-09 5.31e-09 5.58e-09 6.37e-09 7.38e-09 8.12e-09 8.68e-09
net 0 D3+D21+G4:h0: raw 1.13510e-08  per-layer 6.98e-10 1.94e-09 3.99e-09 6.03e-09 6.29e-09 6.45e-09 7.26e-09 7.21e-09 7.10e-09 7.86e-09 7.90e-09 8.14e-09 9.05e-09 1.01e-08 1.06e-08 1.14e-08
net 0 D3+D21+G4:h1: raw 1.06787e-08  per-layer 6.98e-10 1.83e-09 3.90e-09 5.79e-09 6.16e-09 6.87e-09 7.34e-09 7.08e-09 7.87e-09 8.19e-09 7.99e-09 8.33e-09 8.80e-09 9.89e-09 1.01e-08 1.07e-08
net 0 D3+D21:full: raw 1.54108e-08  per-layer 6.98e-10 1.07e-09 2.20e-09 3.43e-09 4.36e-09 5.17e-09 6.16e-09 6.53e-09 7.86e-09 9.36e-09 9.13e-09 9.58e-09 1.08e-08 1.27e-08 1.34e-08 1.54e-08
net 0 D3+D21:full: raw 1.54205e-08  per-layer 6.98e-10 1.07e-09 2.20e-09 3.43e-09 4.36e-09 5.17e-09 6.16e-09 6.53e-09 7.87e-09 9.37e-09 9.14e-09 9.58e-09 1.08e-08 1.27e-08 1.34e-08 1.54e-08
net 0 D3+D21:h0: raw 1.78098e-08  per-layer 6.98e-10 1.52e-09 3.56e-09 5.80e-09 6.79e-09 7.63e-09 8.29e-09 8.27e-09 9.60e-09 1.12e-08 1.11e-08 1.18e-08 1.29e-08 1.51e-08 1.57e-08 1.78e-08
net 0 D3+D21:h0: raw 1.78206e-08  per-layer 6.98e-10 1.52e-09 3.56e-09 5.80e-09 6.79e-09 7.63e-09 8.29e-09 8.27e-09 9.60e-09 1.12e-08 1.11e-08 1.18e-08 1.30e-08 1.51e-08 1.57e-08 1.78e-08
net 0 D3+D21:h1: raw 1.68451e-08  per-layer 6.98e-10 1.41e-09 3.58e-09 5.55e-09 6.69e-09 7.43e-09 8.51e-09 8.87e-09 1.05e-08 1.17e-08 1.14e-08 1.16e-08 1.29e-08 1.46e-08 1.49e-08 1.68e-08
net 0 D3+D21:h1: raw 1.68533e-08  per-layer 6.98e-10 1.41e-09 3.58e-09 5.55e-09 6.69e-09 7.43e-09 8.51e-09 8.87e-09 1.05e-08 1.17e-08 1.14e-08 1.16e-08 1.29e-08 1.46e-08 1.49e-08 1.69e-08
net 0 D3:full: raw 1.96676e-08  per-layer 6.98e-10 1.07e-09 1.43e-09 2.20e-09 3.00e-09 3.76e-09 4.56e-09 5.39e-09 7.22e-09 8.97e-09 1.02e-08 1.11e-08 1.33e-08 1.49e-08 1.57e-08 1.97e-08
net 0 D3:full: raw 1.96960e-08  per-layer 6.98e-10 1.07e-09 1.43e-09 2.20e-09 3.00e-09 3.76e-09 4.56e-09 5.39e-09 7.22e-09 8.98e-09 1.02e-08 1.12e-08 1.33e-08 1.49e-08 1.58e-08 1.97e-08
net 0 D3:h0: raw 2.05962e-08  per-layer 6.98e-10 1.52e-09 2.07e-09 2.93e-09 3.92e-09 4.43e-09 5.40e-09 6.04e-09 7.79e-09 9.52e-09 1.05e-08 1.18e-08 1.38e-08 1.55e-08 1.66e-08 2.06e-08
net 0 D3:h1: raw 1.97853e-08  per-layer 6.98e-10 1.41e-09 2.02e-09 2.92e-09 3.45e-09 4.43e-09 5.15e-09 5.93e-09 7.90e-09 9.78e-09 1.13e-08 1.19e-08 1.41e-08 1.55e-08 1.59e-08 1.98e-08
net 0 G4:full: raw 1.59978e-08  per-layer 6.98e-10 8.18e-10 9.09e-10 1.37e-09 1.92e-09 2.85e-09 3.71e-09 4.52e-09 5.48e-09 6.84e-09 8.53e-09 1.03e-08 1.22e-08 1.42e-08 1.49e-08 1.60e-08
net 0 G4:h0: raw 1.62152e-08  per-layer 6.98e-10 1.12e-09 1.30e-09 1.73e-09 2.35e-09 3.12e-09 3.99e-09 4.91e-09 5.88e-09 7.24e-09 8.84e-09 1.04e-08 1.23e-08 1.45e-08 1.52e-08 1.62e-08
net 0 G4:h1: raw 1.62927e-08  per-layer 6.98e-10 1.11e-09 1.28e-09 1.80e-09 2.29e-09 3.27e-09 4.08e-09 4.76e-09 5.65e-09 7.01e-09 8.75e-09 1.08e-08 1.26e-08 1.44e-08 1.51e-08 1.63e-08
net 0 chain: raw 2.25251e-08  per-layer 6.98e-10 6.98e-10 1.07e-09 1.96e-09 2.84e-09 4.08e-09 5.13e-09 6.26e-09 7.87e-09 1.01e-08 1.19e-08 1.35e-08 1.62e-08 1.91e-08 1.89e-08 2.25e-08
net 0 none:none: raw 2.25251e-08  per-layer 6.98e-10 6.98e-10 1.07e-09 1.96e-09 2.84e-09 4.08e-09 5.13e-09 6.26e-09 7.87e-09 1.01e-08 1.19e-08 1.35e-08 1.62e-08 1.91e-08 1.89e-08 2.25e-08
net 0 none:none: raw 2.25491e-08  per-layer 6.98e-10 6.98e-10 1.07e-09 1.96e-09 2.84e-09 4.08e-09 5.13e-09 6.25e-09 7.87e-09 1.01e-08 1.19e-08 1.35e-08 1.62e-08 1.91e-08 1.89e-08 2.25e-08
