net 1 D21:full: raw 1.90938e-08  per-layer 6.41e-10 6.74e-10 1.60e-09 3.02e-09 3.97e-09 5.11e-09 6.18e-09 7.43e-09 9.09e-09 1.01e-08 1.19e-08 1.39e-08 1.68e-08 1.75e-08 1.89e-08 1.91e-08
net 1 D21:full: raw 1.91176e-08  per-layer 6.41e-10 6.74e-10 1.60e-09 3.02e-09 3.97e-09 5.11e-09 6.18e-09 7.43e-09 9.09e-09 1.01e-08 1.19e-08 1.39e-08 1.68e-08 1.74e-08 1.89e-08 1.91e-08
net 1 D21:h0: raw 2.08253e-08  per-layer 6.41e-10 6.74e-10 2.39e-09 4.24e-09 5.28e-09 6.77e-09 7.73e-09 8.49e-09 1.06e-08 1.20e-08 1.32e-08 1.53e-08 1.87e-08 1.93e-08 2.02e-08 2.08e-08
net 1 D21:h1: raw 2.07800e-08  per-layer 6.41e-10 6.74e-10 2.23e-09 4.33e-09 5.74e-09 7.05e-09 8.27e-09 9.80e-09 1.10e-08 1.13e-08 1.37e-08 1.56e-08 1.82e-08 1.93e-08 2.09e-08 2.08e-08
net 1 D3+D21+G4:full: raw 9.96364e-09  per-layer 6.41e-10 1.21e-09 2.09e-09 2.79e-09 3.45e-09 3.74e-09 3.97e-09 3.97e-09 4.51e-09 4.67e-09 4.95e-09 5.77e-09 6.74e-09 7.28e-09 8.82e-09 9.96e-09
net 1 D3+D21+G4:h0: raw 1.23368e-08  per-layer 6.41e-10 1.93e-09 3.83e-09 5.14e-09 5.82e-09 6.32e-09 6.51e-09 6.12e-09 6.92e-09 6.85e-09 6.79e-09 7.83e-09 9.13e-09 8.88e-09 1.06e-08 1.23e-08
net 1 D3+D21+G4:h1: raw 1.16160e-08  per-layer 6.41e-10 1.81e-09 3.65e-09 4.99e-09 6.12e-09 6.54e-09 6.90e-09 7.03e-09 7.18e-09 7.02e-09 7.38e-09 7.71e-09 8.63e-09 9.90e-09 1.12e-08 1.16e-08
net 1 D3+D21:full: raw 1.49204e-08  per-layer 6.41e-10 1.06e-09 2.14e-09 3.45e-09 4.38e-09 5.15e-09 5.78e-09 5.75e-09 6.84e-09 7.41e-09 9.29e-09 1.10e-08 1.21e-08 1.29e-08 1.45e-08 1.49e-08
net 1 D3+D21:full: raw 1.49292e-08  per-layer 6.41e-10 1.06e-09 2.14e-09 3.45e-09 4.38e-09 5.15e-09 5.78e-09 5.76e-09 6.84e-09 7.40e-09 9.28e-09 1.10e-08 1.21e-08 1.29e-08 1.45e-08 1.49e-08
net 1 D3+D21:h0: raw 1.64448e-08  per-layer 6.41e-10 1.54e-09 3.64e-09 5.52e-09 6.49e-09 7.33e-09 7.82e-09 7.26e-09 8.50e-09 9.22e-09 1.05e-08 1.24e-08 1.38e-08 1.43e-08 1.56e-08 1.64e-08
net 1 D3+D21:h0: raw 1.64566e-08  per-layer 6.41e-10 1.54e-09 3.64e-09 5.52e-09 6.49e-09 7.33e-09 7.81e-09 7.26e-09 8.50e-09 9.22e-09 1.05e-08 1.24e-08 1.38e-08 1.44e-08 1.56e-08 1.65e-08
net 1 D3+D21:h1: raw 1.71453e-08  per-layer 6.41e-10 1.39e-09 3.28e-09 5.34e-09 6.86e-09 7.94e-09 8.97e-09 9.12e-09 9.93e-09 9.82e-09 1.20e-08 1.33e-08 1.43e-08 1.54e-08 1.73e-08 1.71e-08
net 1 D3+D21:h1: raw 1.71551e-08  per-layer 6.41e-10 1.39e-09 3.28e-09 5.34e-09 6.86e-09 7.94e-09 8.96e-09 9.12e-09 9.93e-09 9.81e-09 1.20e-08 1.33e-08 1.43e-08 1.54e-08 1.73e-08 1.72e-08
net 1 D3:full: raw 1.85222e-08  per-layer 6.41e-10 1.06e-09 1.48e-09 2.05e-09 2.90e-09 3.41e-09 4.72e-09 5.22e-09 6.65e-09 7.28e-09 9.56e-09 1.16e-08 1.36e-08 1.55e-08 1.71e-08 1.85e-08
net 1 D3:full: raw 1.85295e-08  per-layer 6.41e-10 1.06e-09 1.48e-09 2.05e-09 2.90e-09 3.41e-09 4.72e-09 5.22e-09 6.65e-09 7.28e-09 9.56e-09 1.16e-08 1.36e-08 1.55e-08 1.71e-08 1.85e-08
net 1 D3:h0: raw 1.90966e-08  per-layer 6.41e-10 1.54e-09 2.12e-09 2.72e-09 3.50e-09 4.02e-09 5.20e-09 5.80e-09 7.27e-09 7.84e-09 1.00e-08 1.21e-08 1.39e-08 1.58e-08 1.76e-08 1.91e-08
net 1 D3:h1: raw 1.88768e-08  per-layer 6.41e-10 1.39e-09 2.11e-09 2.76e-09 3.68e-09 4.14e-09 5.52e-09 5.86e-09 7.23e-09 7.77e-09 1.01e-08 1.21e-08 1.44e-08 1.62e-08 1.74e-08 1.89e-08
net 1 G4:full: raw 1.81535e-08  per-layer 6.41e-10 8.17e-10 8.84e-10 1.20e-09 1.74e-09 2.55e-09 3.71e-09 4.17e-09 5.95e-09 6.88e-09 8.19e-09 1.03e-08 1.33e-08 1.41e-08 1.57e-08 1.82e-08
net 1 G4:h0: raw 1.84779e-08  per-layer 6.41e-10 1.05e-09 1.15e-09 1.51e-09 2.16e-09 2.97e-09 4.12e-09 4.55e-09 6.25e-09 7.13e-09 8.19e-09 1.04e-08 1.35e-08 1.42e-08 1.60e-08 1.85e-08
net 1 G4:h1: raw 1.82130e-08  per-layer 6.41e-10 1.13e-09 1.27e-09 1.58e-09 1.99e-09 2.75e-09 3.88e-09 4.28e-09 6.09e-09 7.07e-09 8.60e-09 1.06e-08 1.35e-08 1.44e-08 1.59e-08 1.82e-08
net 1 chain: raw 2.12658e-08  per-layer 6.41e-10 6.74e-10 9.51e-10 1.60e-09 2.55e-09 3.40e-09 5.02e-09 6.06e-09 7.90e-09 8.78e-09 1.09e-08 1.33e-08 1.64e-08 1.78e-08 1.95e-08 2.13e-08
net 1 none:none: raw 2.12658e-08  per-layer 6.41e-10 6.74e-10 9.51e-10 1.60e-09 2.55e-09 3.40e-09 5.02e-09 6.06e-09 7.90e-09 8.78e-09 1.09e-08 1.33e-08 1.64e-08 1.78e-08 1.95e-08 2.13e-08
net 1 none:none: raw 2.12685e-08  per-layer 6.41e-10 6.74e-10 9.51e-10 1.60e-09 2.55e-09 3.40e-09 5.02e-09 6.06e-09 7.89e-09 8.77e-09 1.09e-08 1.33e-08 1.64e-08 1.78e-08 1.95e-08 2.13e-08
