net 0: 131072 pairs, 128 designs, 64 leaves (walls/leaf 33968, 65.9s/leaf); lam2 0.4995 lam4 0.3743
 l |  V_single  V_anti  V_leaf  V_cross  | bias z: single anti leaf cross | odd share  e2 share  e>=4 share (of V_single)
 0 | 6.81e-01 1.82e-01 8.70e-02 2.18e-05 | 0.87 1.06 1.02 0.96 | 0.467  0.224  0.043
 1 | 5.09e-01 1.67e-01 7.91e-02 2.66e-05 | 0.81 1.03 0.99 0.97 | 0.346  0.263  0.064
 2 | 4.01e-01 1.44e-01 6.59e-02 3.29e-05 | 0.87 1.02 0.95 0.97 | 0.280  0.238  0.122
 3 | 3.19e-01 1.22e-01 5.41e-02 3.55e-05 | 0.86 1.07 0.97 0.94 | 0.236  0.214  0.168
 4 | 2.62e-01 1.04e-01 4.51e-02 3.61e-05 | 0.85 1.02 0.99 1.01 | 0.206  0.186  0.211
 5 | 2.23e-01 9.08e-02 3.82e-02 3.57e-05 | 0.84 1.13 0.96 0.99 | 0.185  0.151  0.257
 6 | 1.93e-01 8.03e-02 3.30e-02 3.49e-05 | 0.82 1.18 1.01 1.02 | 0.166  0.123  0.294
 7 | 1.52e-01 6.47e-02 2.60e-02 3.06e-05 | 0.82 1.18 1.12 1.10 | 0.147  0.095  0.331
 8 | 1.32e-01 5.71e-02 2.26e-02 2.85e-05 | 0.88 1.10 1.12 1.11 | 0.135  0.075  0.358
 9 | 1.24e-01 5.43e-02 2.13e-02 2.87e-05 | 0.84 1.10 1.20 1.06 | 0.126  0.063  0.374
10 | 1.15e-01 5.08e-02 1.96e-02 2.82e-05 | 0.82 1.09 1.13 1.15 | 0.118  0.039  0.402
11 | 1.02e-01 4.52e-02 1.71e-02 2.59e-05 | 0.88 1.17 1.29 1.18 | 0.111  0.011  0.434
12 | 9.60e-02 4.29e-02 1.60e-02 2.52e-05 | 0.91 1.15 1.30 1.25 | 0.106  -0.001  0.448
13 | 9.22e-02 4.15e-02 1.52e-02 2.49e-05 | 0.96 1.18 1.18 1.28 | 0.101  -0.027  0.476
14 | 8.39e-02 3.79e-02 1.34e-02 2.33e-05 | 0.93 1.15 1.33 1.25 | 0.097  -0.074  0.525
15 | 7.87e-02 3.57e-02 1.22e-02 2.23e-05 | 0.89 1.13 1.38 1.39 | 0.092  -0.117  0.571
(odd share = (V_single - 2 V_anti)/V_single, since f(x) and f(-x) share the even part: V_single = odd + even, V_anti = even.)

net 1: 131072 pairs, 128 designs, 64 leaves (walls/leaf 32558, 59.6s/leaf); lam2 0.4995 lam4 0.3743
 l |  V_single  V_anti  V_leaf  V_cross  | bias z: single anti leaf cross | odd share  e2 share  e>=4 share (of V_single)
 0 | 6.82e-01 1.82e-01 8.73e-02 2.20e-05 | 1.00 0.97 0.94 1.02 | 0.467  0.225  0.041
 1 | 5.14e-01 1.67e-01 7.84e-02 2.69e-05 | 0.98 0.94 0.95 1.05 | 0.351  0.249  0.076
 2 | 4.10e-01 1.46e-01 6.66e-02 3.28e-05 | 1.11 1.08 0.98 1.05 | 0.286  0.231  0.126
 3 | 3.31e-01 1.26e-01 5.58e-02 3.61e-05 | 1.11 1.02 1.03 1.00 | 0.242  0.211  0.168
 4 | 2.72e-01 1.07e-01 4.59e-02 3.68e-05 | 1.13 1.07 1.06 1.05 | 0.210  0.167  0.228
 5 | 2.21e-01 8.98e-02 3.74e-02 3.52e-05 | 1.27 1.10 1.03 1.04 | 0.186  0.137  0.270
 6 | 1.88e-01 7.82e-02 3.17e-02 3.37e-05 | 1.31 1.12 1.02 0.98 | 0.167  0.103  0.313
 7 | 1.64e-01 6.94e-02 2.76e-02 3.23e-05 | 1.33 1.28 1.05 0.96 | 0.153  0.079  0.344
 8 | 1.45e-01 6.24e-02 2.42e-02 3.04e-05 | 1.27 1.15 1.04 0.93 | 0.141  0.043  0.386
 9 | 1.29e-01 5.58e-02 2.11e-02 2.84e-05 | 1.21 1.22 1.04 0.90 | 0.132  0.011  0.423
10 | 1.18e-01 5.19e-02 1.93e-02 2.75e-05 | 1.26 1.19 1.08 0.91 | 0.124  -0.011  0.449
11 | 1.13e-01 5.00e-02 1.82e-02 2.73e-05 | 1.17 1.20 1.00 0.92 | 0.117  -0.037  0.478
12 | 1.06e-01 4.73e-02 1.68e-02 2.64e-05 | 1.09 1.12 0.97 0.83 | 0.110  -0.067  0.512
13 | 1.00e-01 4.48e-02 1.59e-02 2.57e-05 | 1.12 1.21 0.96 0.82 | 0.105  -0.074  0.521
14 | 9.02e-02 4.06e-02 1.42e-02 2.39e-05 | 1.06 1.17 0.97 0.83 | 0.100  -0.088  0.538
15 | 8.59e-02 3.88e-02 1.35e-02 2.31e-05 | 1.00 1.24 0.97 0.87 | 0.097  -0.099  0.550
(odd share = (V_single - 2 V_anti)/V_single, since f(x) and f(-x) share the even part: V_single = odd + even, V_anti = even.)

